                       w                      Re11                         w                      Im11
  7.8539816339744828E-02    1.5478127000000000E-01    7.8539816339744828E-02    3.9059431000000000E-01
  2.3561944901923448E-01    3.9011799999999999E-02    2.3561944901923448E-01    3.5985507000000000E-01
  3.9269908169872414E-01    3.3041279999999999E-02    3.9269908169872414E-01    3.0205789999999999E-01
  5.4977871437821380E-01    3.3942489999999999E-02    5.4977871437821380E-01    2.5661424999999999E-01
  7.0685834705770345E-01    3.4281460000000000E-02    7.0685834705770345E-01    2.2265046999999999E-01
  8.6393797973719311E-01    3.3946390000000000E-02    8.6393797973719311E-01    1.9695319000000000E-01
  1.0210176124166828E+00    3.3166450000000000E-02    1.0210176124166828E+00    1.7707406000000001E-01
  1.1780972450961724E+00    3.2256890000000003E-02    1.1780972450961724E+00    1.6129225000000000E-01
  1.3351768777756621E+00    3.1153900000000002E-02    1.3351768777756621E+00    1.4852425000000000E-01
  1.4922565104551517E+00    3.0191070000000000E-02    1.4922565104551517E+00    1.3788381999999999E-01
  1.6493361431346414E+00    2.8689900000000001E-02    1.6493361431346414E+00    1.2903037000000001E-01
  1.8064157758141310E+00    2.8157800000000000E-02    1.8064157758141310E+00    1.2114219000000000E-01
  1.9634954084936207E+00    2.6979059999999999E-02    1.9634954084936207E+00    1.1469364000000000E-01
  2.1205750411731104E+00    2.5692719999999999E-02    2.1205750411731104E+00    1.0896543000000000E-01
  2.2776546738526000E+00    2.4628850000000001E-02    2.2776546738526000E+00    1.0372365000000000E-01
  2.4347343065320897E+00    2.3758379999999999E-02    2.4347343065320897E+00    9.8983230000000005E-02
  2.5918139392115793E+00    2.2970430000000000E-02    2.5918139392115793E+00    9.4744229999999999E-02
  2.7488935718910690E+00    2.2195840000000001E-02    2.7488935718910690E+00    9.0952450000000004E-02
  2.9059732045705586E+00    2.1413789999999999E-02    2.9059732045705586E+00    8.7532979999999996E-02
  3.0630528372500483E+00    2.0629000000000002E-02    3.0630528372500483E+00    8.4416420000000006E-02
  3.2201324699295379E+00    1.9853949999999999E-02    3.2201324699295379E+00    8.1548140000000005E-02
  3.3772121026090276E+00    1.9100260000000001E-02    3.3772121026090276E+00    7.8888000000000000E-02
  3.5342917352885173E+00    1.8375920000000000E-02    3.5342917352885173E+00    7.6406959999999996E-02
  3.6913713679680069E+00    1.7685289999999999E-02    3.6913713679680069E+00    7.4083769999999993E-02
  3.8484510006474966E+00    1.7029800000000001E-02    3.8484510006474966E+00    7.1902140000000003E-02
  4.0055306333269858E+00    1.6409030000000002E-02    4.0055306333269858E+00    6.9849079999999994E-02
  4.1626102660064763E+00    1.5821419999999999E-02    4.1626102660064763E+00    6.7913650000000006E-02
  4.3196898986859651E+00    1.5264870000000000E-02    4.3196898986859651E+00    6.6086359999999997E-02
  4.4767695313654556E+00    1.4737080000000000E-02    4.4767695313654556E+00    6.4358710000000000E-02
  4.6338491640449444E+00    1.4235760000000000E-02    4.6338491640449444E+00    6.2723000000000001E-02
  4.7909287967244349E+00    1.3758820000000000E-02    4.7909287967244349E+00    6.1172200000000003E-02
  4.9480084294039237E+00    1.3304330000000000E-02    4.9480084294039237E+00    5.9699870000000002E-02
  5.1050880620834143E+00    1.2870560000000000E-02    5.1050880620834143E+00    5.8300140000000000E-02
  5.2621676947629030E+00    1.2456020000000000E-02    5.2621676947629030E+00    5.6967619999999997E-02
  5.4192473274423936E+00    1.2059390000000000E-02    5.4192473274423936E+00    5.5697379999999998E-02
  5.5763269601218823E+00    1.1679490000000001E-02    5.5763269601218823E+00    5.4484930000000001E-02
  5.7334065928013729E+00    1.1315300000000000E-02    5.7334065928013729E+00    5.3326190000000002E-02
  5.8904862254808616E+00    1.0965920000000001E-02    5.8904862254808616E+00    5.2217430000000002E-02
  6.0475658581603522E+00    1.0630519999999999E-02    6.0475658581603522E+00    5.1155239999999998E-02
  6.2046454908398410E+00    1.0308370000000001E-02    6.2046454908398410E+00    5.0136550000000002E-02
  6.3617251235193315E+00    9.9988100000000003E-03    6.3617251235193315E+00    4.9158529999999999E-02
  6.5188047561988203E+00    9.7012200000000000E-03    6.5188047561988203E+00    4.8218600000000000E-02
  6.6758843888783108E+00    9.4150399999999995E-03    6.6758843888783108E+00    4.7314429999999998E-02
  6.8329640215577996E+00    9.1397300000000004E-03    6.8329640215577996E+00    4.6443840000000000E-02
  6.9900436542372901E+00    8.8748300000000002E-03    6.9900436542372901E+00    4.5604880000000000E-02
  7.1471232869167789E+00    8.6198500000000001E-03    7.1471232869167789E+00    4.4795729999999999E-02
  7.3042029195962694E+00    8.3743800000000007E-03    7.3042029195962694E+00    4.4014739999999997E-02
  7.4612825522757582E+00    8.1379899999999995E-03    7.4612825522757582E+00    4.3260350000000003E-02
  7.6183621849552488E+00    7.9103100000000003E-03    7.6183621849552488E+00    4.2531170000000000E-02
  7.7754418176347375E+00    7.6909500000000002E-03    7.7754418176347375E+00    4.1825880000000003E-02
  7.9325214503142281E+00    7.4795800000000004E-03    7.9325214503142281E+00    4.1143270000000003E-02
  8.0896010829937168E+00    7.2758500000000004E-03    8.0896010829937168E+00    4.0482209999999998E-02
  8.2466807156732074E+00    7.0794500000000002E-03    8.2466807156732074E+00    3.9841660000000001E-02
  8.4037603483526961E+00    6.8900599999999999E-03    8.4037603483526961E+00    3.9220640000000001E-02
  8.5608399810321867E+00    6.7074099999999996E-03    8.5608399810321867E+00    3.8618239999999998E-02
  8.7179196137116755E+00    6.5312100000000000E-03    8.7179196137116755E+00    3.8033619999999997E-02
  8.8749992463911660E+00    6.3611900000000001E-03    8.8749992463911660E+00    3.7465980000000003E-02
  9.0320788790706548E+00    6.1970999999999997E-03    9.0320788790706548E+00    3.6914580000000002E-02
  9.1891585117501453E+00    6.0387100000000001E-03    9.1891585117501453E+00    3.6378700000000000E-02
  9.3462381444296341E+00    5.8857600000000003E-03    9.3462381444296341E+00    3.5857710000000001E-02
  9.5033177771091246E+00    5.7380499999999997E-03    9.5033177771091246E+00    3.5350979999999997E-02
  9.6603974097886134E+00    5.5953699999999997E-03    9.6603974097886134E+00    3.4857920000000001E-02
  9.8174770424681039E+00    5.4574999999999997E-03    9.8174770424681039E+00    3.4377989999999997E-02
  9.9745566751475927E+00    5.3242500000000000E-03    9.9745566751475927E+00    3.3910660000000002E-02
  1.0131636307827083E+01    5.1954499999999999E-03    1.0131636307827083E+01    3.3455459999999999E-02
  1.0288715940506572E+01    5.0708999999999997E-03    1.0288715940506572E+01    3.3011899999999997E-02
  1.0445795573186063E+01    4.9504500000000003E-03    1.0445795573186063E+01    3.2579549999999999E-02
  1.0602875205865551E+01    4.8339300000000002E-03    1.0602875205865551E+01    3.2157999999999999E-02
  1.0759954838545042E+01    4.7211800000000002E-03    1.0759954838545042E+01    3.1746839999999998E-02
  1.0917034471224531E+01    4.6120600000000003E-03    1.0917034471224531E+01    3.1345690000000002E-02
  1.1074114103904021E+01    4.5064199999999997E-03    1.1074114103904021E+01    3.0954209999999999E-02
  1.1231193736583510E+01    4.4041300000000000E-03    1.1231193736583510E+01    3.0572050000000000E-02
  1.1388273369263000E+01    4.3050600000000003E-03    1.1388273369263000E+01    3.0198880000000001E-02
  1.1545353001942489E+01    4.2090900000000004E-03    1.1545353001942489E+01    2.9834389999999999E-02
  1.1702432634621980E+01    4.1160900000000002E-03    1.1702432634621980E+01    2.9478290000000001E-02
  1.1859512267301469E+01    4.0259600000000003E-03    1.1859512267301469E+01    2.9130300000000001E-02
  1.2016591899980959E+01    3.9385799999999997E-03    1.2016591899980959E+01    2.8790139999999999E-02
  1.2173671532660448E+01    3.8538600000000002E-03    1.2173671532660448E+01    2.8457570000000001E-02
  1.2330751165339938E+01    3.7716799999999999E-03    1.2330751165339938E+01    2.8132319999999999E-02
  1.2487830798019427E+01    3.6919600000000002E-03    1.2487830798019427E+01    2.7814180000000001E-02
  1.2644910430698918E+01    3.6146099999999999E-03    1.2644910430698918E+01    2.7502900000000000E-02
  1.2801990063378407E+01    3.5395299999999999E-03    1.2801990063378407E+01    2.7198279999999998E-02
  1.2959069696057897E+01    3.4666499999999999E-03    1.2959069696057897E+01    2.6900110000000001E-02
  1.3116149328737386E+01    3.3958899999999999E-03    1.3116149328737386E+01    2.6608190000000000E-02
  1.3273228961416876E+01    3.3271600000000000E-03    1.3273228961416876E+01    2.6322330000000001E-02
  1.3430308594096365E+01    3.2604000000000001E-03    1.3430308594096365E+01    2.6042340000000001E-02
  1.3587388226775856E+01    3.1955299999999998E-03    1.3587388226775856E+01    2.5768059999999999E-02
  1.3744467859455344E+01    3.1324899999999999E-03    1.3744467859455344E+01    2.5499299999999999E-02
  1.3901547492134835E+01    3.0712100000000000E-03    1.3901547492134835E+01    2.5235919999999998E-02
  1.4058627124814324E+01    3.0116299999999999E-03    1.4058627124814324E+01    2.4977750000000000E-02
  1.4215706757493814E+01    2.9537000000000001E-03    1.4215706757493814E+01    2.4724650000000001E-02
  1.4372786390173303E+01    2.8973499999999999E-03    1.4372786390173303E+01    2.4476459999999998E-02
  1.4529866022852794E+01    2.8425199999999999E-03    1.4529866022852794E+01    2.4233060000000001E-02
  1.4686945655532282E+01    2.7891800000000000E-03    1.4686945655532282E+01    2.3994300000000000E-02
  1.4844025288211773E+01    2.7372600000000000E-03    1.4844025288211773E+01    2.3760060000000000E-02
  1.5001104920891262E+01    2.6867300000000000E-03    1.5001104920891262E+01    2.3530209999999999E-02
  1.5158184553570752E+01    2.6375200000000000E-03    1.5158184553570752E+01    2.3304630000000000E-02
  1.5315264186250241E+01    2.5896000000000001E-03    1.5315264186250241E+01    2.3083220000000002E-02
  1.5472343818929732E+01    2.5429300000000001E-03    1.5472343818929732E+01    2.2865850000000000E-02
  1.5629423451609220E+01    2.4974600000000000E-03    1.5629423451609220E+01    2.2652420000000000E-02
  1.5786503084288711E+01    2.4531599999999998E-03    1.5786503084288711E+01    2.2442830000000000E-02
  1.5943582716968200E+01    2.4099899999999999E-03    1.5943582716968200E+01    2.2236969999999998E-02
  1.6100662349647688E+01    2.3679000000000000E-03    1.6100662349647688E+01    2.2034749999999999E-02
  1.6257741982327179E+01    2.3268700000000000E-03    1.6257741982327179E+01    2.1836069999999999E-02
  1.6414821615006669E+01    2.2868599999999999E-03    1.6414821615006669E+01    2.1640850000000000E-02
  1.6571901247686160E+01    2.2478400000000001E-03    1.6571901247686160E+01    2.1448999999999999E-02
  1.6728980880365647E+01    2.2097800000000002E-03    1.6728980880365647E+01    2.1260430000000000E-02
  1.6886060513045138E+01    2.1726400000000000E-03    1.6886060513045138E+01    2.1075060000000000E-02
  1.7043140145724628E+01    2.1364100000000000E-03    1.7043140145724628E+01    2.0892810000000001E-02
  1.7200219778404119E+01    2.1010500000000001E-03    1.7200219778404119E+01    2.0713599999999999E-02
  1.7357299411083606E+01    2.0665300000000000E-03    1.7357299411083606E+01    2.0537369999999999E-02
  1.7514379043763096E+01    2.0328299999999998E-03    1.7514379043763096E+01    2.0364040000000000E-02
  1.7671458676442587E+01    1.9999200000000001E-03    1.7671458676442587E+01    2.0193530000000001E-02
  1.7828538309122077E+01    1.9677800000000001E-03    1.7828538309122077E+01    2.0025790000000002E-02
  1.7985617941801564E+01    1.9363900000000001E-03    1.7985617941801564E+01    1.9860750000000000E-02
  1.8142697574481055E+01    1.9057200000000001E-03    1.8142697574481055E+01    1.9698340000000002E-02
  1.8299777207160545E+01    1.8757600000000000E-03    1.8299777207160545E+01    1.9538500000000000E-02
  1.8456856839840036E+01    1.8464800000000000E-03    1.8456856839840036E+01    1.9381180000000001E-02
  1.8613936472519523E+01    1.8178599999999999E-03    1.8613936472519523E+01    1.9226310000000000E-02
  1.8771016105199013E+01    1.7898800000000000E-03    1.8771016105199013E+01    1.9073840000000002E-02
  1.8928095737878504E+01    1.7625300000000000E-03    1.8928095737878504E+01    1.8923720000000002E-02
  1.9085175370557995E+01    1.7357799999999999E-03    1.9085175370557995E+01    1.8775879999999998E-02
  1.9242255003237482E+01    1.7096200000000000E-03    1.9242255003237482E+01    1.8630290000000001E-02
  1.9399334635916972E+01    1.6840399999999999E-03    1.9399334635916972E+01    1.8486900000000001E-02
  1.9556414268596463E+01    1.6590100000000000E-03    1.9556414268596463E+01    1.8345640000000000E-02
  1.9713493901275953E+01    1.6345200000000000E-03    1.9713493901275953E+01    1.8206489999999999E-02
  1.9870573533955440E+01    1.6105600000000000E-03    1.9870573533955440E+01    1.8069379999999999E-02
  2.0027653166634931E+01    1.5871100000000001E-03    2.0027653166634931E+01    1.7934280000000000E-02
  2.0184732799314421E+01    1.5641500000000000E-03    2.0184732799314421E+01    1.7801150000000002E-02
  2.0341812431993912E+01    1.5416799999999999E-03    2.0341812431993912E+01    1.7669939999999999E-02
  2.0498892064673399E+01    1.5196800000000000E-03    2.0498892064673399E+01    1.7540610000000002E-02
  2.0655971697352889E+01    1.4981400000000000E-03    2.0655971697352889E+01    1.7413120000000001E-02
  2.0813051330032380E+01    1.4770400000000000E-03    2.0813051330032380E+01    1.7287429999999999E-02
  2.0970130962711870E+01    1.4563700000000000E-03    2.0970130962711870E+01    1.7163520000000002E-02
  2.1127210595391357E+01    1.4361300000000001E-03    2.1127210595391357E+01    1.7041330000000000E-02
  2.1284290228070848E+01    1.4162900000000000E-03    2.1284290228070848E+01    1.6920839999999999E-02
  2.1441369860750338E+01    1.3968600000000000E-03    2.1441369860750338E+01    1.6802009999999999E-02
  2.1598449493429829E+01    1.3778200000000001E-03    2.1598449493429829E+01    1.6684800000000000E-02
  2.1755529126109316E+01    1.3591499999999999E-03    2.1755529126109316E+01    1.6569190000000001E-02
  2.1912608758788807E+01    1.3408500000000000E-03    2.1912608758788807E+01    1.6455140000000000E-02
  2.2069688391468297E+01    1.3229200000000000E-03    2.2069688391468297E+01    1.6342630000000000E-02
  2.2226768024147788E+01    1.3053299999999999E-03    2.2226768024147788E+01    1.6231610000000000E-02
  2.2383847656827275E+01    1.2880900000000000E-03    2.2383847656827275E+01    1.6122069999999999E-02
  2.2540927289506765E+01    1.2711800000000000E-03    2.2540927289506765E+01    1.6013969999999999E-02
  2.2698006922186256E+01    1.2545900000000001E-03    2.2698006922186256E+01    1.5907279999999999E-02
  2.2855086554865746E+01    1.2383200000000000E-03    2.2855086554865746E+01    1.5801989999999998E-02
  2.3012166187545233E+01    1.2223600000000000E-03    2.3012166187545233E+01    1.5698050000000002E-02
  2.3169245820224724E+01    1.2067000000000000E-03    2.3169245820224724E+01    1.5595460000000000E-02
  2.3326325452904214E+01    1.1913399999999999E-03    2.3326325452904214E+01    1.5494170000000000E-02
  2.3483405085583705E+01    1.1762599999999999E-03    2.3483405085583705E+01    1.5394170000000000E-02
  2.3640484718263192E+01    1.1614600000000000E-03    2.3640484718263192E+01    1.5295430000000000E-02
  2.3797564350942682E+01    1.1469300000000000E-03    2.3797564350942682E+01    1.5197930000000000E-02
  2.3954643983622173E+01    1.1326699999999999E-03    2.3954643983622173E+01    1.5101640000000000E-02
  2.4111723616301663E+01    1.1186700000000000E-03    2.4111723616301663E+01    1.5006550000000000E-02
  2.4268803248981150E+01    1.1049199999999999E-03    2.4268803248981150E+01    1.4912630000000000E-02
  2.4425882881660641E+01    1.0914300000000000E-03    2.4425882881660641E+01    1.4819860000000001E-02
  2.4582962514340132E+01    1.0781700000000000E-03    2.4582962514340132E+01    1.4728230000000000E-02
  2.4740042147019622E+01    1.0651500000000000E-03    2.4740042147019622E+01    1.4637700000000000E-02
  2.4897121779699109E+01    1.0523600000000000E-03    2.4897121779699109E+01    1.4548260000000000E-02
  2.5054201412378600E+01    1.0398000000000000E-03    2.5054201412378600E+01    1.4459890000000000E-02
  2.5211281045058090E+01    1.0274500000000001E-03    2.5211281045058090E+01    1.4372569999999999E-02
  2.5368360677737581E+01    1.0153199999999999E-03    2.5368360677737581E+01    1.4286290000000000E-02
  2.5525440310417068E+01    1.0034099999999999E-03    2.5525440310417068E+01    1.4201020000000000E-02
  2.5682519943096558E+01    9.9168999999999993E-04    2.5682519943096558E+01    1.4116750000000001E-02
  2.5839599575776049E+01    9.8017999999999998E-04    2.5839599575776049E+01    1.4033459999999999E-02
  2.5996679208455539E+01    9.6887000000000004E-04    2.5996679208455539E+01    1.3951140000000001E-02
  2.6153758841135026E+01    9.5774000000000000E-04    2.6153758841135026E+01    1.3869760000000000E-02
  2.6310838473814517E+01    9.4680999999999997E-04    2.6310838473814517E+01    1.3789310000000001E-02
  2.6467918106494007E+01    9.3605999999999995E-04    2.6467918106494007E+01    1.3709780000000000E-02
  2.6624997739173498E+01    9.2548999999999995E-04    2.6624997739173498E+01    1.3631150000000000E-02
  2.6782077371852985E+01    9.1509000000000002E-04    2.6782077371852985E+01    1.3553400000000000E-02
  2.6939157004532476E+01    9.0487000000000000E-04    2.6939157004532476E+01    1.3476530000000000E-02
  2.7096236637211966E+01    8.9481000000000001E-04    2.7096236637211966E+01    1.3400509999999999E-02
  2.7253316269891457E+01    8.8491999999999998E-04    2.7253316269891457E+01    1.3325330000000000E-02
  2.7410395902570944E+01    8.7518999999999997E-04    2.7410395902570944E+01    1.3250980000000001E-02
  2.7567475535250434E+01    8.6562000000000000E-04    2.7567475535250434E+01    1.3177450000000000E-02
  2.7724555167929925E+01    8.5619999999999999E-04    2.7724555167929925E+01    1.3104720000000000E-02
  2.7881634800609415E+01    8.4692999999999997E-04    2.7881634800609415E+01    1.3032780000000001E-02
  2.8038714433288902E+01    8.3781000000000003E-04    2.8038714433288902E+01    1.2961610000000000E-02
  2.8195794065968393E+01    8.2883000000000002E-04    2.8195794065968393E+01    1.2891210000000000E-02
  2.8352873698647883E+01    8.1999999999999998E-04    2.8352873698647883E+01    1.2821559999999999E-02
  2.8509953331327374E+01    8.1130999999999998E-04    2.8509953331327374E+01    1.2752640000000001E-02
  2.8667032964006861E+01    8.0274999999999997E-04    2.8667032964006861E+01    1.2684460000000000E-02
  2.8824112596686351E+01    7.9432000000000005E-04    2.8824112596686351E+01    1.2617000000000000E-02
  2.8981192229365842E+01    7.8602999999999995E-04    2.8981192229365842E+01    1.2550240000000001E-02
  2.9138271862045332E+01    7.7786000000000001E-04    2.9138271862045332E+01    1.2484169999999999E-02
  2.9295351494724819E+01    7.6982000000000005E-04    2.9295351494724819E+01    1.2418790000000001E-02
  2.9452431127404310E+01    7.6190000000000003E-04    2.9452431127404310E+01    1.2354080000000000E-02
  2.9609510760083801E+01    7.5409999999999995E-04    2.9609510760083801E+01    1.2290040000000000E-02
  2.9766590392763291E+01    7.4642000000000003E-04    2.9766590392763291E+01    1.2226650000000000E-02
  2.9923670025442778E+01    7.3884999999999999E-04    2.9923670025442778E+01    1.2163900000000000E-02
  3.0080749658122269E+01    7.3140000000000000E-04    3.0080749658122269E+01    1.2101789999999999E-02
  3.0237829290801759E+01    7.2406000000000000E-04    3.0237829290801759E+01    1.2040300000000000E-02
  3.0394908923481250E+01    7.1683000000000001E-04    3.0394908923481250E+01    1.1979429999999999E-02
  3.0551988556160737E+01    7.0969999999999996E-04    3.0551988556160737E+01    1.1919170000000000E-02
  3.0709068188840227E+01    7.0268000000000001E-04    3.0709068188840227E+01    1.1859500000000000E-02
  3.0866147821519718E+01    6.9576000000000002E-04    3.0866147821519718E+01    1.1800420000000001E-02
  3.1023227454199208E+01    6.8893999999999997E-04    3.1023227454199208E+01    1.1741910000000000E-02
  3.1180307086878695E+01    6.8221999999999998E-04    3.1180307086878695E+01    1.1683990000000000E-02
  3.1337386719558186E+01    6.7560000000000005E-04    3.1337386719558186E+01    1.1626620000000001E-02
  3.1494466352237676E+01    6.6907999999999996E-04    3.1494466352237676E+01    1.1569810000000000E-02
  3.1651545984917167E+01    6.6264000000000004E-04    3.1651545984917167E+01    1.1513539999999999E-02
  3.1808625617596654E+01    6.5629999999999996E-04    3.1808625617596654E+01    1.1457820000000001E-02
  3.1965705250276145E+01    6.5005000000000000E-04    3.1965705250276145E+01    1.1402630000000000E-02
  3.2122784882955635E+01    6.4387999999999999E-04    3.2122784882955635E+01    1.1347960000000001E-02
  3.2279864515635126E+01    6.3780000000000000E-04    3.2279864515635126E+01    1.1293810000000000E-02
  3.2436944148314616E+01    6.3181000000000001E-04    3.2436944148314616E+01    1.1240170000000001E-02
  3.2594023780994107E+01    6.2589999999999998E-04    3.2594023780994107E+01    1.1187030000000001E-02
  3.2751103413673590E+01    6.2007000000000002E-04    3.2751103413673590E+01    1.1134379999999999E-02
  3.2908183046353081E+01    6.1432000000000001E-04    3.2908183046353081E+01    1.1082230000000000E-02
  3.3065262679032571E+01    6.0864999999999997E-04    3.3065262679032571E+01    1.1030550000000000E-02
  3.3222342311712062E+01    6.0305999999999999E-04    3.3222342311712062E+01    1.0979360000000001E-02
  3.3379421944391552E+01    5.9754999999999997E-04    3.3379421944391552E+01    1.0928630000000000E-02
  3.3536501577071043E+01    5.9210999999999997E-04    3.3536501577071043E+01    1.0878360000000000E-02
  3.3693581209750533E+01    5.8673999999999998E-04    3.3693581209750533E+01    1.0828549999999999E-02
  3.3850660842430024E+01    5.8144000000000002E-04    3.3850660842430024E+01    1.0779189999999999E-02
  3.4007740475109507E+01    5.7622000000000001E-04    3.4007740475109507E+01    1.0730280000000000E-02
  3.4164820107788998E+01    5.7105999999999997E-04    3.4164820107788998E+01    1.0681800000000000E-02
  3.4321899740468488E+01    5.6596999999999995E-04    3.4321899740468488E+01    1.0633760000000001E-02
  3.4478979373147979E+01    5.6096000000000000E-04    3.4478979373147979E+01    1.0586140000000001E-02
  3.4636059005827470E+01    5.5599999999999996E-04    3.4636059005827470E+01    1.0538940000000000E-02
  3.4793138638506960E+01    5.5110999999999995E-04    3.4793138638506960E+01    1.0492160000000000E-02
  3.4950218271186451E+01    5.4628999999999995E-04    3.4950218271186451E+01    1.0445790000000000E-02
  3.5107297903865941E+01    5.4151999999999998E-04    3.5107297903865941E+01    1.0399820000000001E-02
  3.5264377536545425E+01    5.3682000000000003E-04    3.5264377536545425E+01    1.0354260000000001E-02
  3.5421457169224915E+01    5.3218000000000004E-04    3.5421457169224915E+01    1.0309080000000000E-02
  3.5578536801904406E+01    5.2760000000000003E-04    3.5578536801904406E+01    1.0264300000000001E-02
  3.5735616434583896E+01    5.2307999999999999E-04    3.5735616434583896E+01    1.0219900000000001E-02
  3.5892696067263387E+01    5.1860999999999997E-04    3.5892696067263387E+01    1.0175880000000000E-02
  3.6049775699942877E+01    5.1420000000000003E-04    3.6049775699942877E+01    1.0132240000000001E-02
  3.6206855332622368E+01    5.0984999999999995E-04    3.6206855332622368E+01    1.0088969999999999E-02
  3.6363934965301858E+01    5.0555000000000001E-04    3.6363934965301858E+01    1.0046060000000001E-02
  3.6521014597981342E+01    5.0131000000000004E-04    3.6521014597981342E+01    1.0003510000000000E-02
  3.6678094230660832E+01    4.9711000000000004E-04    3.6678094230660832E+01    9.9613199999999992E-03
  3.6835173863340323E+01    4.9297000000000002E-04    3.6835173863340323E+01    9.9194799999999996E-03
  3.6992253496019813E+01    4.8888999999999996E-04    3.6992253496019813E+01    9.8779799999999997E-03
  3.7149333128699304E+01    4.8484999999999999E-04    3.7149333128699304E+01    9.8368299999999995E-03
  3.7306412761378795E+01    4.8086000000000000E-04    3.7306412761378795E+01    9.7960200000000008E-03
  3.7463492394058285E+01    4.7691999999999998E-04    3.7463492394058285E+01    9.7555500000000000E-03
  3.7620572026737776E+01    4.7301999999999999E-04    3.7620572026737776E+01    9.7154000000000008E-03
  3.7777651659417259E+01    4.6917999999999998E-04    3.7777651659417259E+01    9.6755899999999995E-03
  3.7934731292096750E+01    4.6537999999999999E-04    3.7934731292096750E+01    9.6360899999999999E-03
  3.8091810924776240E+01    4.6162999999999998E-04    3.8091810924776240E+01    9.5969100000000002E-03
  3.8248890557455731E+01    4.5792000000000001E-04    3.8248890557455731E+01    9.5580500000000002E-03
  3.8405970190135221E+01    4.5425000000000001E-04    3.8405970190135221E+01    9.5195000000000002E-03
  3.8563049822814712E+01    4.5062999999999999E-04    3.8563049822814712E+01    9.4812600000000000E-03
  3.8720129455494202E+01    4.4705000000000000E-04    3.8720129455494202E+01    9.4433199999999998E-03
  3.8877209088173693E+01    4.4351999999999998E-04    3.8877209088173693E+01    9.4056899999999995E-03
  3.9034288720853176E+01    4.4002000000000001E-04    3.9034288720853176E+01    9.3683399999999993E-03
  3.9191368353532667E+01    4.3657000000000000E-04    3.9191368353532667E+01    9.3313000000000007E-03
  3.9348447986212157E+01    4.3315999999999998E-04    3.9348447986212157E+01    9.2945400000000004E-03
  3.9505527618891648E+01    4.2978999999999999E-04    3.9505527618891648E+01    9.2580700000000002E-03
  3.9662607251571139E+01    4.2644999999999998E-04    3.9662607251571139E+01    9.2218800000000000E-03
  3.9819686884250629E+01    4.2315000000000001E-04    3.9819686884250629E+01    9.1859699999999999E-03
  3.9976766516930120E+01    4.1990000000000001E-04    3.9976766516930120E+01    9.1503399999999999E-03
  4.0133846149609610E+01    4.1668000000000000E-04    4.0133846149609610E+01    9.1149899999999999E-03
  4.0290925782289094E+01    4.1348999999999997E-04    4.0290925782289094E+01    9.0799000000000001E-03
  4.0448005414968584E+01    4.1033999999999998E-04    4.0448005414968584E+01    9.0450800000000005E-03
  4.0605085047648075E+01    4.0723000000000002E-04    4.0605085047648075E+01    9.0105299999999992E-03
  4.0762164680327565E+01    4.0414999999999998E-04    4.0762164680327565E+01    8.9762300000000000E-03
  4.0919244313007056E+01    4.0110999999999999E-04    4.0919244313007056E+01    8.9422000000000008E-03
  4.1076323945686546E+01    3.9809999999999997E-04    4.1076323945686546E+01    8.9084200000000002E-03
  4.1233403578366037E+01    3.9512999999999999E-04    4.1233403578366037E+01    8.8748899999999999E-03
  4.1390483211045527E+01    3.9218000000000000E-04    4.1390483211045527E+01    8.8416199999999997E-03
  4.1547562843725011E+01    3.8926999999999999E-04    4.1547562843725011E+01    8.8085899999999998E-03
  4.1704642476404501E+01    3.8640000000000001E-04    4.1704642476404501E+01    8.7758000000000003E-03
  4.1861722109083992E+01    3.8355000000000003E-04    4.1861722109083992E+01    8.7432599999999992E-03
  4.2018801741763482E+01    3.8074000000000002E-04    4.2018801741763482E+01    8.7109500000000003E-03
  4.2175881374442973E+01    3.7795000000000000E-04    4.2175881374442973E+01    8.6788899999999999E-03
  4.2332961007122464E+01    3.7520000000000001E-04    4.2332961007122464E+01    8.6470499999999999E-03
  4.2490040639801954E+01    3.7247000000000002E-04    4.2490040639801954E+01    8.6154500000000002E-03
  4.2647120272481445E+01    3.6978000000000000E-04    4.2647120272481445E+01    8.5840799999999991E-03
  4.2804199905160928E+01    3.6710999999999997E-04    4.2804199905160928E+01    8.5529300000000003E-03
  4.2961279537840419E+01    3.6447999999999998E-04    4.2961279537840419E+01    8.5220100000000000E-03
  4.3118359170519909E+01    3.6186999999999998E-04    4.3118359170519909E+01    8.4913100000000002E-03
  4.3275438803199400E+01    3.5929000000000001E-04    4.3275438803199400E+01    8.4608200000000008E-03
  4.3432518435878890E+01    3.5672999999999998E-04    4.3432518435878890E+01    8.4305600000000001E-03
  4.3589598068558381E+01    3.5419999999999999E-04    4.3589598068558381E+01    8.4005099999999999E-03
  4.3746677701237871E+01    3.5169999999999998E-04    4.3746677701237871E+01    8.3706700000000002E-03
  4.3903757333917362E+01    3.4923000000000002E-04    4.3903757333917362E+01    8.3410399999999992E-03
  4.4060836966596845E+01    3.4677999999999998E-04    4.4060836966596845E+01    8.3116200000000005E-03
  4.4217916599276336E+01    3.4435999999999999E-04    4.4217916599276336E+01    8.2824100000000005E-03
  4.4374996231955826E+01    3.4195999999999999E-04    4.4374996231955826E+01    8.2533999999999993E-03
  4.4532075864635317E+01    3.3959000000000002E-04    4.4532075864635317E+01    8.2245900000000004E-03
  4.4689155497314808E+01    3.3723999999999999E-04    4.4689155497314808E+01    8.1959800000000003E-03
  4.4846235129994298E+01    3.3492000000000000E-04    4.4846235129994298E+01    8.1675600000000008E-03
  4.5003314762673789E+01    3.3262000000000000E-04    4.5003314762673789E+01    8.1393500000000001E-03
  4.5160394395353279E+01    3.3033999999999998E-04    4.5160394395353279E+01    8.1113200000000000E-03
  4.5317474028032763E+01    3.2809000000000001E-04    4.5317474028032763E+01    8.0834900000000005E-03
  4.5474553660712253E+01    3.2585999999999997E-04    4.5474553660712253E+01    8.0558499999999998E-03
  4.5631633293391744E+01    3.2364999999999998E-04    4.5631633293391744E+01    8.0283899999999998E-03
  4.5788712926071234E+01    3.2145999999999997E-04    4.5788712926071234E+01    8.0011200000000005E-03
  4.5945792558750725E+01    3.1930000000000001E-04    4.5945792558750725E+01    7.9740300000000000E-03
  4.6102872191430215E+01    3.1715999999999998E-04    4.6102872191430215E+01    7.9471300000000002E-03
  4.6259951824109706E+01    3.1503999999999999E-04    4.6259951824109706E+01    7.9204099999999993E-03
  4.6417031456789196E+01    3.1294000000000000E-04    4.6417031456789196E+01    7.8938600000000008E-03
  4.6574111089468680E+01    3.1085999999999999E-04    4.6574111089468680E+01    7.8674899999999996E-03
  4.6731190722148170E+01    3.0880000000000002E-04    4.6731190722148170E+01    7.8413000000000007E-03
  4.6888270354827661E+01    3.0676000000000000E-04    4.6888270354827661E+01    7.8152699999999992E-03
  4.7045349987507151E+01    3.0474000000000001E-04    4.7045349987507151E+01    7.7894200000000000E-03
  4.7202429620186642E+01    3.0275000000000001E-04    4.7202429620186642E+01    7.7637399999999999E-03
  4.7359509252866133E+01    3.0077000000000001E-04    4.7359509252866133E+01    7.7382299999999996E-03
  4.7516588885545623E+01    2.9880999999999999E-04    4.7516588885545623E+01    7.7128800000000001E-03
  4.7673668518225114E+01    2.9687000000000002E-04    4.7673668518225114E+01    7.6876999999999996E-03
  4.7830748150904597E+01    2.9494999999999999E-04    4.7830748150904597E+01    7.6626799999999998E-03
  4.7987827783584088E+01    2.9304000000000000E-04    4.7987827783584088E+01    7.6378300000000000E-03
  4.8144907416263578E+01    2.9116000000000000E-04    4.8144907416263578E+01    7.6131300000000001E-03
  4.8301987048943069E+01    2.8928999999999999E-04    4.8301987048943069E+01    7.5885900000000001E-03
  4.8459066681622559E+01    2.8744000000000003E-04    4.8459066681622559E+01    7.5642100000000000E-03
  4.8616146314302050E+01    2.8561000000000000E-04    4.8616146314302050E+01    7.5399799999999999E-03
  4.8773225946981540E+01    2.8380000000000001E-04    4.8773225946981540E+01    7.5159099999999998E-03
  4.8930305579661031E+01    2.8200000000000002E-04    4.8930305579661031E+01    7.4919899999999996E-03
  4.9087385212340514E+01    2.8022000000000002E-04    4.9087385212340514E+01    7.4682300000000002E-03
  4.9244464845020005E+01    2.7846000000000001E-04    4.9244464845020005E+01    7.4446099999999999E-03
  4.9401544477699495E+01    2.7671000000000000E-04    4.9401544477699495E+01    7.4211399999999997E-03
  4.9558624110378986E+01    2.7498000000000003E-04    4.9558624110378986E+01    7.3978100000000003E-03
  4.9715703743058477E+01    2.7326999999999999E-04    4.9715703743058477E+01    7.3746400000000000E-03
  4.9872783375737967E+01    2.7157000000000000E-04    4.9872783375737967E+01    7.3515999999999998E-03
  5.0029863008417458E+01    2.6988000000000001E-04    5.0029863008417458E+01    7.3287100000000004E-03
  5.0186942641096948E+01    2.6822000000000000E-04    5.0186942641096948E+01    7.3059600000000002E-03
  5.0344022273776432E+01    2.6656999999999999E-04    5.0344022273776432E+01    7.2833600000000000E-03
  5.0501101906455922E+01    2.6493000000000003E-04    5.0501101906455922E+01    7.2608899999999999E-03
  5.0658181539135413E+01    2.6331000000000000E-04    5.0658181539135413E+01    7.2385499999999998E-03
  5.0815261171814903E+01    2.6170000000000002E-04    5.0815261171814903E+01    7.2163599999999998E-03
  5.0972340804494394E+01    2.6010999999999997E-04    5.0972340804494394E+01    7.1942999999999998E-03
  5.1129420437173884E+01    2.5852999999999998E-04    5.1129420437173884E+01    7.1723700000000000E-03
  5.1286500069853375E+01    2.5696999999999997E-04    5.1286500069853375E+01    7.1505800000000001E-03
  5.1443579702532865E+01    2.5542000000000002E-04    5.1443579702532865E+01    7.1289099999999996E-03
  5.1600659335212349E+01    2.5388000000000000E-04    5.1600659335212349E+01    7.1073799999999999E-03
  5.1757738967891839E+01    2.5235999999999998E-04    5.1757738967891839E+01    7.0859800000000004E-03
  5.1914818600571330E+01    2.5085000000000000E-04    5.1914818600571330E+01    7.0647000000000001E-03
  5.2071898233250820E+01    2.4936000000000001E-04    5.2071898233250820E+01    7.0435599999999999E-03
  5.2228977865930311E+01    2.4788000000000002E-04    5.2228977865930311E+01    7.0225299999999999E-03
  5.2386057498609802E+01    2.4641000000000002E-04    5.2386057498609802E+01    7.0016399999999999E-03
  5.2543137131289292E+01    2.4495000000000002E-04    5.2543137131289292E+01    6.9808600000000002E-03
  5.2700216763968783E+01    2.4351000000000000E-04    5.2700216763968783E+01    6.9602099999999997E-03
  5.2857296396648266E+01    2.4208000000000001E-04    5.2857296396648266E+01    6.9396800000000002E-03
  5.3014376029327757E+01    2.4065999999999999E-04    5.3014376029327757E+01    6.9192699999999999E-03
  5.3171455662007247E+01    2.3926000000000001E-04    5.3171455662007247E+01    6.8989799999999999E-03
  5.3328535294686738E+01    2.3786000000000000E-04    5.3328535294686738E+01    6.8788100000000000E-03
  5.3485614927366228E+01    2.3648000000000001E-04    5.3485614927366228E+01    6.8587500000000003E-03
  5.3642694560045719E+01    2.3512000000000001E-04    5.3642694560045719E+01    6.8388099999999999E-03
  5.3799774192725209E+01    2.3376000000000001E-04    5.3799774192725209E+01    6.8189899999999996E-03
  5.3956853825404700E+01    2.3241000000000001E-04    5.3956853825404700E+01    6.7992800000000004E-03
  5.4113933458084183E+01    2.3107999999999999E-04    5.4113933458084183E+01    6.7796799999999997E-03
  5.4271013090763674E+01    2.2976000000000000E-04    5.4271013090763674E+01    6.7602000000000001E-03
  5.4428092723443164E+01    2.2845000000000000E-04    5.4428092723443164E+01    6.7408299999999997E-03
  5.4585172356122655E+01    2.2714999999999999E-04    5.4585172356122655E+01    6.7215599999999997E-03
  5.4742251988802145E+01    2.2586000000000001E-04    5.4742251988802145E+01    6.7024099999999998E-03
  5.4899331621481636E+01    2.2457999999999999E-04    5.4899331621481636E+01    6.6833700000000001E-03
  5.5056411254161127E+01    2.2331000000000000E-04    5.5056411254161127E+01    6.6644299999999998E-03
  5.5213490886840617E+01    2.2206000000000000E-04    5.5213490886840617E+01    6.6455999999999998E-03
  5.5370570519520101E+01    2.2080999999999999E-04    5.5370570519520101E+01    6.6268700000000000E-03
  5.5527650152199591E+01    2.1956999999999999E-04    5.5527650152199591E+01    6.6082500000000004E-03
  5.5684729784879082E+01    2.1834999999999999E-04    5.5684729784879082E+01    6.5897400000000002E-03
  5.5841809417558572E+01    2.1713000000000000E-04    5.5841809417558572E+01    6.5713300000000002E-03
  5.5998889050238063E+01    2.1593000000000000E-04    5.5998889050238063E+01    6.5530199999999997E-03
  5.6155968682917553E+01    2.1473000000000000E-04    5.6155968682917553E+01    6.5348100000000003E-03
  5.6313048315597044E+01    2.1354999999999999E-04    5.6313048315597044E+01    6.5167000000000003E-03
  5.6470127948276534E+01    2.1237000000000000E-04    5.6470127948276534E+01    6.4986899999999997E-03
  5.6627207580956018E+01    2.1121000000000001E-04    5.6627207580956018E+01    6.4807800000000002E-03
  5.6784287213635508E+01    2.1005000000000001E-04    5.6784287213635508E+01    6.4629700000000002E-03
  5.6941366846314999E+01    2.0890000000000001E-04    5.6941366846314999E+01    6.4452499999999996E-03
  5.7098446478994489E+01    2.0777000000000000E-04    5.7098446478994489E+01    6.4276400000000001E-03
  5.7255526111673980E+01    2.0663999999999999E-04    5.7255526111673980E+01    6.4101100000000001E-03
  5.7412605744353471E+01    2.0552000000000000E-04    5.7412605744353471E+01    6.3926900000000004E-03
  5.7569685377032961E+01    2.0441000000000000E-04    5.7569685377032961E+01    6.3753500000000001E-03
  5.7726765009712452E+01    2.0331000000000000E-04    5.7726765009712452E+01    6.3581200000000001E-03
  5.7883844642391935E+01    2.0222000000000000E-04    5.7883844642391935E+01    6.3409699999999996E-03
  5.8040924275071426E+01    2.0112999999999999E-04    5.8040924275071426E+01    6.3239100000000003E-03
  5.8198003907750916E+01    2.0006000000000001E-04    5.8198003907750916E+01    6.3069500000000004E-03
  5.8355083540430407E+01    1.9898999999999999E-04    5.8355083540430407E+01    6.2900800000000000E-03
  5.8512163173109897E+01    1.9793000000000000E-04    5.8512163173109897E+01    6.2732899999999999E-03
  5.8669242805789388E+01    1.9688000000000000E-04    5.8669242805789388E+01    6.2566000000000002E-03
  5.8826322438468878E+01    1.9584000000000000E-04    5.8826322438468878E+01    6.2399899999999999E-03
  5.8983402071148369E+01    1.9481000000000001E-04    5.8983402071148369E+01    6.2234800000000000E-03
  5.9140481703827852E+01    1.9379000000000000E-04    5.9140481703827852E+01    6.2070399999999996E-03
  5.9297561336507343E+01    1.9277000000000001E-04    5.9297561336507343E+01    6.1907000000000004E-03
  5.9454640969186833E+01    1.9175999999999999E-04    5.9454640969186833E+01    6.1744399999999998E-03
  5.9611720601866324E+01    1.9076000000000000E-04    5.9611720601866324E+01    6.1582700000000004E-03
  5.9768800234545814E+01    1.8976999999999999E-04    5.9768800234545814E+01    6.1421799999999997E-03
  5.9925879867225305E+01    1.8877999999999999E-04    5.9925879867225305E+01    6.1261700000000002E-03
  6.0082959499904796E+01    1.8780000000000001E-04    6.0082959499904796E+01    6.1102500000000002E-03
  6.0240039132584286E+01    1.8683000000000000E-04    6.0240039132584286E+01    6.0944099999999998E-03
  6.0397118765263770E+01    1.8587000000000001E-04    6.0397118765263770E+01    6.0786499999999997E-03
  6.0554198397943260E+01    1.8492000000000001E-04    6.0554198397943260E+01    6.0629700000000000E-03
  6.0711278030622751E+01    1.8396999999999999E-04    6.0711278030622751E+01    6.0473699999999998E-03
  6.0868357663302241E+01    1.8302999999999999E-04    6.0868357663302241E+01    6.0318500000000001E-03
  6.1025437295981732E+01    1.8209000000000001E-04    6.1025437295981732E+01    6.0164099999999998E-03
  6.1182516928661222E+01    1.8117000000000000E-04    6.1182516928661222E+01    6.0010500000000000E-03
  6.1339596561340713E+01    1.8024999999999999E-04    6.1339596561340713E+01    5.9857699999999996E-03
  6.1496676194020203E+01    1.7934000000000000E-04    6.1496676194020203E+01    5.9705599999999998E-03
  6.1653755826699687E+01    1.7843000000000001E-04    6.1653755826699687E+01    5.9554400000000002E-03
  6.1810835459379177E+01    1.7752999999999999E-04    6.1810835459379177E+01    5.9403900000000003E-03
  6.1967915092058668E+01    1.7663999999999999E-04    6.1967915092058668E+01    5.9254099999999999E-03
  6.2124994724738158E+01    1.7574999999999999E-04    6.2124994724738158E+01    5.9105099999999999E-03
  6.2282074357417649E+01    1.7487000000000001E-04    6.2282074357417649E+01    5.8956800000000004E-03
  6.2439153990097140E+01    1.7400000000000000E-04    6.2439153990097140E+01    5.8809300000000004E-03
  6.2596233622776630E+01    1.7314000000000001E-04    6.2596233622776630E+01    5.8662499999999999E-03
  6.2753313255456121E+01    1.7228000000000000E-04    6.2753313255456121E+01    5.8516400000000000E-03
  6.2910392888135604E+01    1.7143000000000000E-04    6.2910392888135604E+01    5.8371100000000004E-03
  6.3067472520815095E+01    1.7058000000000001E-04    6.3067472520815095E+01    5.8226500000000004E-03
  6.3224552153494585E+01    1.6974000000000001E-04    6.3224552153494585E+01    5.8082600000000000E-03
  6.3381631786174076E+01    1.6890000000000001E-04    6.3381631786174076E+01    5.7939400000000000E-03
  6.3538711418853566E+01    1.6808000000000000E-04    6.3538711418853566E+01    5.7796899999999997E-03
  6.3695791051533057E+01    1.6725000000000000E-04    6.3695791051533057E+01    5.7655099999999997E-03
  6.3852870684212547E+01    1.6644000000000001E-04    6.3852870684212547E+01    5.7514000000000003E-03
  6.4009950316892031E+01    1.6563000000000000E-04    6.4009950316892031E+01    5.7373600000000004E-03
  6.4167029949571528E+01    1.6482000000000001E-04    6.4167029949571528E+01    5.7233800000000001E-03
  6.4324109582251012E+01    1.6403000000000001E-04    6.4324109582251012E+01    5.7094800000000003E-03
  6.4481189214930509E+01    1.6322999999999999E-04    6.4481189214930509E+01    5.6956400000000001E-03
  6.4638268847609993E+01    1.6244999999999999E-04    6.4638268847609993E+01    5.6818700000000003E-03
  6.4795348480289476E+01    1.6166999999999999E-04    6.4795348480289476E+01    5.6681600000000002E-03
  6.4952428112968974E+01    1.6089000000000001E-04    6.4952428112968974E+01    5.6545199999999997E-03
  6.5109507745648457E+01    1.6012000000000001E-04    6.5109507745648457E+01    5.6409499999999996E-03
  6.5266587378327955E+01    1.5935999999999999E-04    6.5266587378327955E+01    5.6274400000000000E-03
  6.5423667011007439E+01    1.5860000000000001E-04    6.5423667011007439E+01    5.6139900000000001E-03
  6.5580746643686936E+01    1.5783999999999999E-04    6.5580746643686936E+01    5.6006099999999998E-03
  6.5737826276366420E+01    1.5709000000000000E-04    6.5737826276366420E+01    5.5872900000000000E-03
  6.5894905909045917E+01    1.5635000000000001E-04    6.5894905909045917E+01    5.5740399999999997E-03
  6.6051985541725401E+01    1.5561000000000001E-04    6.6051985541725401E+01    5.5608500000000000E-03
  6.6209065174404884E+01    1.5488000000000001E-04    6.6209065174404884E+01    5.5477199999999999E-03
  6.6366144807084382E+01    1.5415000000000001E-04    6.6366144807084382E+01    5.5346500000000003E-03
  6.6523224439763865E+01    1.5343000000000000E-04    6.6523224439763865E+01    5.5216400000000004E-03
  6.6680304072443363E+01    1.5270999999999999E-04    6.6680304072443363E+01    5.5086900000000001E-03
  6.6837383705122846E+01    1.5200000000000001E-04    6.6837383705122846E+01    5.4958100000000003E-03
  6.6994463337802344E+01    1.5129999999999999E-04    6.6994463337802344E+01    5.4829800000000001E-03
  6.7151542970481827E+01    1.5059000000000001E-04    6.7151542970481827E+01    5.4702199999999996E-03
  6.7308622603161311E+01    1.4990000000000001E-04    6.7308622603161311E+01    5.4575099999999996E-03
  6.7465702235840808E+01    1.4919999999999999E-04    6.7465702235840808E+01    5.4448600000000002E-03
  6.7622781868520292E+01    1.4851999999999999E-04    6.7622781868520292E+01    5.4322700000000003E-03
  6.7779861501199790E+01    1.4783000000000000E-04    6.7779861501199790E+01    5.4197400000000001E-03
  6.7936941133879273E+01    1.4715000000000000E-04    6.7936941133879273E+01    5.4072699999999996E-03
  6.8094020766558771E+01    1.4647999999999999E-04    6.8094020766558771E+01    5.3948499999999996E-03
  6.8251100399238254E+01    1.4580999999999999E-04    6.8251100399238254E+01    5.3824900000000002E-03
  6.8408180031917752E+01    1.4515000000000000E-04    6.8408180031917752E+01    5.3701799999999996E-03
  6.8565259664597235E+01    1.4448999999999999E-04    6.8565259664597235E+01    5.3579400000000003E-03
  6.8722339297276719E+01    1.4383000000000001E-04    6.8722339297276719E+01    5.3457399999999999E-03
  6.8879418929956216E+01    1.4317999999999999E-04    6.8879418929956216E+01    5.3336099999999999E-03
  6.9036498562635700E+01    1.4253000000000001E-04    6.9036498562635700E+01    5.3215199999999997E-03
  6.9193578195315197E+01    1.4189000000000001E-04    6.9193578195315197E+01    5.3095000000000000E-03
  6.9350657827994681E+01    1.4124999999999999E-04    6.9350657827994681E+01    5.2975200000000000E-03
  6.9507737460674178E+01    1.4061999999999999E-04    6.9507737460674178E+01    5.2855999999999997E-03
  6.9664817093353662E+01    1.3998999999999999E-04    6.9664817093353662E+01    5.2737399999999999E-03
  6.9821896726033145E+01    1.3935999999999999E-04    6.9821896726033145E+01    5.2619199999999998E-03
  6.9978976358712643E+01    1.3873999999999999E-04    6.9978976358712643E+01    5.2501600000000002E-03
  7.0136055991392126E+01    1.3812000000000001E-04    7.0136055991392126E+01    5.2384500000000004E-03
  7.0293135624071624E+01    1.3751000000000000E-04    7.0293135624071624E+01    5.2268000000000002E-03
  7.0450215256751108E+01    1.3689999999999999E-04    7.0450215256751108E+01    5.2151899999999998E-03
  7.0607294889430605E+01    1.3630000000000001E-04    7.0607294889430605E+01    5.2036399999999998E-03
  7.0764374522110089E+01    1.3569999999999999E-04    7.0764374522110089E+01    5.1921399999999996E-03
  7.0921454154789586E+01    1.3510000000000000E-04    7.0921454154789586E+01    5.1806899999999999E-03
  7.1078533787469070E+01    1.3451000000000001E-04    7.1078533787469070E+01    5.1692800000000001E-03
  7.1235613420148553E+01    1.3391999999999999E-04    7.1235613420148553E+01    5.1579299999999998E-03
  7.1392693052828051E+01    1.3333000000000000E-04    7.1392693052828051E+01    5.1466300000000001E-03
  7.1549772685507534E+01    1.3275000000000000E-04    7.1549772685507534E+01    5.1353800000000002E-03
  7.1706852318187032E+01    1.3217000000000000E-04    7.1706852318187032E+01    5.1241699999999999E-03
  7.1863931950866515E+01    1.3160000000000000E-04    7.1863931950866515E+01    5.1130200000000002E-03
  7.2021011583546013E+01    1.3103000000000000E-04    7.2021011583546013E+01    5.1019100000000003E-03
  7.2178091216225496E+01    1.3045999999999999E-04    7.2178091216225496E+01    5.0908500000000001E-03
  7.2335170848904980E+01    1.2990000000000001E-04    7.2335170848904980E+01    5.0798400000000004E-03
  7.2492250481584477E+01    1.2934000000000001E-04    7.2492250481584477E+01    5.0688799999999996E-03
  7.2649330114263961E+01    1.2878999999999999E-04    7.2649330114263961E+01    5.0579600000000002E-03
  7.2806409746943459E+01    1.2823000000000001E-04    7.2806409746943459E+01    5.0470899999999997E-03
  7.2963489379622942E+01    1.2768999999999999E-04    7.2963489379622942E+01    5.0362699999999998E-03
  7.3120569012302440E+01    1.2714000000000001E-04    7.3120569012302440E+01    5.0254999999999996E-03
  7.3277648644981923E+01    1.2659999999999999E-04    7.3277648644981923E+01    5.0147600000000001E-03
  7.3434728277661421E+01    1.2606000000000000E-04    7.3434728277661421E+01    5.0040800000000002E-03
  7.3591807910340904E+01    1.2553000000000000E-04    7.3591807910340904E+01    4.9934400000000000E-03
  7.3748887543020388E+01    1.2500000000000000E-04    7.3748887543020388E+01    4.9828499999999996E-03
  7.3905967175699885E+01    1.2447000000000001E-04    7.3905967175699885E+01    4.9722999999999998E-03
  7.4063046808379369E+01    1.2394000000000001E-04    7.4063046808379369E+01    4.9617899999999998E-03
  7.4220126441058866E+01    1.2342000000000001E-04    7.4220126441058866E+01    4.9513300000000003E-03
  7.4377206073738350E+01    1.2290000000000001E-04    7.4377206073738350E+01    4.9409099999999997E-03
  7.4534285706417847E+01    1.2239000000000000E-04    7.4534285706417847E+01    4.9305399999999997E-03
  7.4691365339097331E+01    1.2188000000000001E-04    7.4691365339097331E+01    4.9202100000000004E-03
  7.4848444971776814E+01    1.2137000000000000E-04    7.4848444971776814E+01    4.9099199999999999E-03
  7.5005524604456312E+01    1.2086000000000000E-04    7.5005524604456312E+01    4.8996800000000000E-03
  7.5162604237135795E+01    1.2036000000000001E-04    7.5162604237135795E+01    4.8894699999999999E-03
  7.5319683869815293E+01    1.1985999999999999E-04    7.5319683869815293E+01    4.8793200000000004E-03
  7.5476763502494777E+01    1.1937000000000000E-04    7.5476763502494777E+01    4.8691999999999997E-03
  7.5633843135174274E+01    1.1887000000000001E-04    7.5633843135174274E+01    4.8591199999999998E-03
  7.5790922767853758E+01    1.1839000000000000E-04    7.5790922767853758E+01    4.8490900000000003E-03
  7.5948002400533255E+01    1.1790000000000001E-04    7.5948002400533255E+01    4.8390999999999998E-03
  7.6105082033212739E+01    1.1741000000000000E-04    7.6105082033212739E+01    4.8291400000000000E-03
  7.6262161665892222E+01    1.1692999999999999E-04    7.6262161665892222E+01    4.8192299999999999E-03
  7.6419241298571720E+01    1.1646000000000001E-04    7.6419241298571720E+01    4.8093600000000004E-03
  7.6576320931251203E+01    1.1598000000000000E-04    7.6576320931251203E+01    4.7995299999999998E-03
  7.6733400563930701E+01    1.1551000000000000E-04    7.6733400563930701E+01    4.7897399999999998E-03
  7.6890480196610184E+01    1.1504000000000000E-04    7.6890480196610184E+01    4.7799899999999996E-03
  7.7047559829289682E+01    1.1457000000000000E-04    7.7047559829289682E+01    4.7702800000000000E-03
  7.7204639461969165E+01    1.1411000000000000E-04    7.7204639461969165E+01    4.7606100000000002E-03
  7.7361719094648649E+01    1.1365000000000000E-04    7.7361719094648649E+01    4.7509800000000001E-03
  7.7518798727328146E+01    1.1319000000000001E-04    7.7518798727328146E+01    4.7413899999999998E-03
  7.7675878360007630E+01    1.1273999999999999E-04    7.7675878360007630E+01    4.7318300000000002E-03
  7.7832957992687128E+01    1.1228000000000000E-04    7.7832957992687128E+01    4.7223100000000004E-03
  7.7990037625366611E+01    1.1184000000000000E-04    7.7990037625366611E+01    4.7128400000000003E-03
  7.8147117258046109E+01    1.1139000000000000E-04    7.8147117258046109E+01    4.7033999999999999E-03
  7.8304196890725592E+01    1.1094000000000001E-04    7.8304196890725592E+01    4.6939900000000003E-03
  7.8461276523405090E+01    1.1050000000000000E-04    7.8461276523405090E+01    4.6846300000000004E-03
  7.8618356156084573E+01    1.1006000000000000E-04    7.8618356156084573E+01    4.6753000000000003E-03
  7.8775435788764057E+01    1.0963000000000001E-04    7.8775435788764057E+01    4.6660099999999999E-03
  7.8932515421443554E+01    1.0919000000000000E-04    7.8932515421443554E+01    4.6567500000000003E-03
  7.9089595054123038E+01    1.0876000000000000E-04    7.9089595054123038E+01    4.6475400000000004E-03
  7.9246674686802535E+01    1.0833000000000000E-04    7.9246674686802535E+01    4.6383500000000003E-03
  7.9403754319482019E+01    1.0791000000000000E-04    7.9403754319482019E+01    4.6292099999999999E-03
  7.9560833952161516E+01    1.0747999999999999E-04    7.9560833952161516E+01    4.6201000000000002E-03
  7.9717913584841000E+01    1.0705999999999999E-04    7.9717913584841000E+01    4.6110300000000003E-03
  7.9874993217520483E+01    1.0664000000000000E-04    7.9874993217520483E+01    4.6019900000000002E-03
  8.0032072850199981E+01    1.0623000000000000E-04    8.0032072850199981E+01    4.5929899999999999E-03
  8.0189152482879464E+01    1.0581000000000001E-04    8.0189152482879464E+01    4.5840200000000003E-03
  8.0346232115558962E+01    1.0540000000000000E-04    8.0346232115558962E+01    4.5750900000000004E-03
  8.0503311748238445E+01    1.0499000000000000E-04    8.0503311748238445E+01    4.5661900000000004E-03
  8.0660391380917943E+01    1.0459000000000000E-04    8.0660391380917943E+01    4.5573200000000001E-03
  8.0817471013597427E+01    1.0418000000000000E-04    8.0817471013597427E+01    4.5484899999999997E-03
  8.0974550646276924E+01    1.0378000000000000E-04    8.0974550646276924E+01    4.5396999999999998E-03
  8.1131630278956408E+01    1.0338000000000000E-04    8.1131630278956408E+01    4.5309399999999998E-03
  8.1288709911635891E+01    1.0298000000000001E-04    8.1288709911635891E+01    4.5222099999999996E-03
  8.1445789544315389E+01    1.0259000000000001E-04    8.1445789544315389E+01    4.5135200000000000E-03
  8.1602869176994872E+01    1.0219000000000000E-04    8.1602869176994872E+01    4.5048600000000003E-03
  8.1759948809674370E+01    1.0179999999999999E-04    8.1759948809674370E+01    4.4962300000000004E-03
  8.1917028442353853E+01    1.0142000000000000E-04    8.1917028442353853E+01    4.4876300000000003E-03
  8.2074108075033351E+01    1.0103000000000000E-04    8.2074108075033351E+01    4.4790699999999999E-03
  8.2231187707712834E+01    1.0064999999999999E-04    8.2231187707712834E+01    4.4705400000000003E-03
  8.2388267340392318E+01    1.0026000000000001E-04    8.2388267340392318E+01    4.4620399999999996E-03
  8.2545346973071815E+01    9.9879999999999999E-05    8.2545346973071815E+01    4.4535800000000004E-03
  8.2702426605751299E+01    9.9510000000000001E-05    8.2702426605751299E+01    4.4451500000000001E-03
  8.2859506238430797E+01    9.9129999999999994E-05    8.2859506238430797E+01    4.4367499999999997E-03
  8.3016585871110280E+01    9.8759999999999996E-05    8.3016585871110280E+01    4.4283800000000000E-03
  8.3173665503789778E+01    9.8389999999999998E-05    8.3173665503789778E+01    4.4200400000000001E-03
  8.3330745136469261E+01    9.8020000000000000E-05    8.3330745136469261E+01    4.4117300000000000E-03
  8.3487824769148759E+01    9.7650000000000002E-05    8.3487824769148759E+01    4.4034599999999997E-03
  8.3644904401828242E+01    9.7289999999999999E-05    8.3644904401828242E+01    4.3952100000000001E-03
  8.3801984034507726E+01    9.6920000000000000E-05    8.3801984034507726E+01    4.3870000000000003E-03
  8.3959063667187223E+01    9.6559999999999997E-05    8.3959063667187223E+01    4.3788100000000003E-03
  8.4116143299866707E+01    9.6199999999999994E-05    8.4116143299866707E+01    4.3706600000000002E-03
  8.4273222932546204E+01    9.5849999999999999E-05    8.4273222932546204E+01    4.3625399999999998E-03
  8.4430302565225688E+01    9.5489999999999995E-05    8.4430302565225688E+01    4.3544500000000002E-03
  8.4587382197905185E+01    9.5140000000000001E-05    8.4587382197905185E+01    4.3463800000000004E-03
  8.4744461830584669E+01    9.4790000000000006E-05    8.4744461830584669E+01    4.3383500000000004E-03
  8.4901541463264152E+01    9.4439999999999997E-05    8.4901541463264152E+01    4.3303500000000002E-03
  8.5058621095943650E+01    9.4090000000000002E-05    8.5058621095943650E+01    4.3223799999999998E-03
  8.5215700728623133E+01    9.3750000000000002E-05    8.5215700728623133E+01    4.3144300000000002E-03
  8.5372780361302631E+01    9.3399999999999993E-05    8.5372780361302631E+01    4.3065200000000003E-03
  8.5529859993982114E+01    9.3059999999999993E-05    8.5529859993982114E+01    4.2986300000000003E-03
  8.5686939626661612E+01    9.2720000000000007E-05    8.5686939626661612E+01    4.2907700000000002E-03
  8.5844019259341096E+01    9.2390000000000001E-05    8.5844019259341096E+01    4.2829399999999998E-03
  8.6001098892020593E+01    9.2050000000000001E-05    8.6001098892020593E+01    4.2751400000000002E-03
  8.6158178524700077E+01    9.1719999999999996E-05    8.6158178524700077E+01    4.2673700000000004E-03
  8.6315258157379560E+01    9.1379999999999996E-05    8.6315258157379560E+01    4.2596300000000004E-03
  8.6472337790059058E+01    9.1050000000000004E-05    8.6472337790059058E+01    4.2519100000000002E-03
  8.6629417422738541E+01    9.0729999999999994E-05    8.6629417422738541E+01    4.2442199999999999E-03
  8.6786497055418039E+01    9.0400000000000002E-05    8.6786497055418039E+01    4.2365600000000003E-03
  8.6943576688097522E+01    9.0069999999999997E-05    8.6943576688097522E+01    4.2289299999999997E-03
  8.7100656320777020E+01    8.9750000000000000E-05    8.7100656320777020E+01    4.2213199999999998E-03
  8.7257735953456503E+01    8.9430000000000003E-05    8.7257735953456503E+01    4.2137399999999997E-03
  8.7414815586135987E+01    8.9110000000000006E-05    8.7414815586135987E+01    4.2061900000000003E-03
  8.7571895218815484E+01    8.8789999999999995E-05    8.7571895218815484E+01    4.1986699999999998E-03
  8.7728974851494968E+01    8.8469999999999998E-05    8.7728974851494968E+01    4.1911700000000001E-03
  8.7886054484174466E+01    8.8159999999999996E-05    8.7886054484174466E+01    4.1837000000000003E-03
  8.8043134116853949E+01    8.7849999999999994E-05    8.8043134116853949E+01    4.1762600000000002E-03
  8.8200213749533447E+01    8.7529999999999997E-05    8.8200213749533447E+01    4.1688400000000000E-03
  8.8357293382212930E+01    8.7219999999999995E-05    8.8357293382212930E+01    4.1614499999999997E-03
  8.8514373014892428E+01    8.6920000000000001E-05    8.8514373014892428E+01    4.1540800000000001E-03
  8.8671452647571911E+01    8.6609999999999999E-05    8.8671452647571911E+01    4.1467400000000003E-03
  8.8828532280251395E+01    8.6310000000000005E-05    8.8828532280251395E+01    4.1394300000000004E-03
  8.8985611912930892E+01    8.6000000000000003E-05    8.8985611912930892E+01    4.1321400000000003E-03
  8.9142691545610376E+01    8.5699999999999996E-05    8.9142691545610376E+01    4.1248800000000000E-03
  8.9299771178289873E+01    8.5400000000000002E-05    8.9299771178289873E+01    4.1176499999999996E-03
  8.9456850810969357E+01    8.5099999999999995E-05    8.9456850810969357E+01    4.1104300000000000E-03
  8.9613930443648854E+01    8.4800000000000001E-05    8.9613930443648854E+01    4.1032500000000001E-03
  8.9771010076328338E+01    8.4510000000000002E-05    8.9771010076328338E+01    4.0960900000000001E-03
  8.9928089709007821E+01    8.4220000000000003E-05    8.9928089709007821E+01    4.0889500000000000E-03
  9.0085169341687319E+01    8.3919999999999996E-05    9.0085169341687319E+01    4.0818399999999998E-03
  9.0242248974366802E+01    8.3629999999999997E-05    9.0242248974366802E+01    4.0747500000000002E-03
  9.0399328607046300E+01    8.3339999999999998E-05    9.0399328607046300E+01    4.0676899999999997E-03
  9.0556408239725783E+01    8.3059999999999994E-05    9.0556408239725783E+01    4.0606499999999998E-03
  9.0713487872405281E+01    8.2769999999999995E-05    9.0713487872405281E+01    4.0536399999999998E-03
  9.0870567505084765E+01    8.2479999999999996E-05    9.0870567505084765E+01    4.0466499999999997E-03
  9.1027647137764262E+01    8.2200000000000006E-05    9.1027647137764262E+01    4.0396800000000004E-03
  9.1184726770443746E+01    8.1920000000000002E-05    9.1184726770443746E+01    4.0327399999999999E-03
  9.1341806403123229E+01    8.1639999999999998E-05    9.1341806403123229E+01    4.0258300000000002E-03
  9.1498886035802727E+01    8.1359999999999994E-05    9.1498886035802727E+01    4.0189300000000004E-03
  9.1655965668482210E+01    8.1080000000000003E-05    9.1655965668482210E+01    4.0120599999999996E-03
  9.1813045301161708E+01    8.0799999999999999E-05    9.1813045301161708E+01    4.0052100000000004E-03
  9.1970124933841191E+01    8.0530000000000003E-05    9.1970124933841191E+01    3.9983900000000001E-03
  9.2127204566520689E+01    8.0259999999999994E-05    9.2127204566520689E+01    3.9915899999999997E-03
  9.2284284199200172E+01    7.9980000000000003E-05    9.2284284199200172E+01    3.9848100000000001E-03
  9.2441363831879656E+01    7.9709999999999994E-05    9.2441363831879656E+01    3.9780600000000003E-03
  9.2598443464559153E+01    7.9439999999999998E-05    9.2598443464559153E+01    3.9713300000000003E-03
  9.2755523097238637E+01    7.9179999999999997E-05    9.2755523097238637E+01    3.9646200000000003E-03
  9.2912602729918135E+01    7.8910000000000002E-05    9.2912602729918135E+01    3.9579300000000001E-03
  9.3069682362597618E+01    7.8650000000000001E-05    9.3069682362597618E+01    3.9512699999999998E-03
  9.3226761995277116E+01    7.8380000000000005E-05    9.3226761995277116E+01    3.9446300000000002E-03
  9.3383841627956599E+01    7.8120000000000004E-05    9.3383841627956599E+01    3.9380099999999996E-03
  9.3540921260636097E+01    7.7860000000000003E-05    9.3540921260636097E+01    3.9314099999999998E-03
  9.3698000893315580E+01    7.7600000000000002E-05    9.3698000893315580E+01    3.9248399999999998E-03
  9.3855080525995064E+01    7.7340000000000002E-05    9.3855080525995064E+01    3.9182799999999997E-03
  9.4012160158674561E+01    7.7080000000000001E-05    9.4012160158674561E+01    3.9117500000000003E-03
  9.4169239791354045E+01    7.6829999999999995E-05    9.4169239791354045E+01    3.9052399999999999E-03
  9.4326319424033542E+01    7.6569999999999994E-05    9.4326319424033542E+01    3.8987499999999999E-03
  9.4483399056713026E+01    7.6320000000000001E-05    9.4483399056713026E+01    3.8922900000000001E-03
  9.4640478689392523E+01    7.6060000000000000E-05    9.4640478689392523E+01    3.8858400000000002E-03
  9.4797558322072007E+01    7.5809999999999994E-05    9.4797558322072007E+01    3.8794200000000002E-03
  9.4954637954751490E+01    7.5560000000000002E-05    9.4954637954751490E+01    3.8730200000000000E-03
  9.5111717587430988E+01    7.5320000000000004E-05    9.5111717587430988E+01    3.8666299999999998E-03
  9.5268797220110471E+01    7.5069999999999998E-05    9.5268797220110471E+01    3.8602699999999998E-03
  9.5425876852789969E+01    7.4820000000000005E-05    9.5425876852789969E+01    3.8539300000000002E-03
  9.5582956485469452E+01    7.4579999999999994E-05    9.5582956485469452E+01    3.8476199999999999E-03
  9.5740036118148950E+01    7.4330000000000002E-05    9.5740036118148950E+01    3.8413200000000001E-03
  9.5897115750828434E+01    7.4090000000000004E-05    9.5897115750828434E+01    3.8350400000000001E-03
  9.6054195383507931E+01    7.3850000000000006E-05    9.6054195383507931E+01    3.8287799999999999E-03
  9.6211275016187415E+01    7.3609999999999995E-05    9.6211275016187415E+01    3.8225500000000001E-03
  9.6368354648866898E+01    7.3369999999999997E-05    9.6368354648866898E+01    3.8163300000000002E-03
  9.6525434281546396E+01    7.3129999999999999E-05    9.6525434281546396E+01    3.8101300000000001E-03
  9.6682513914225879E+01    7.2899999999999997E-05    9.6682513914225879E+01    3.8039599999999999E-03
  9.6839593546905377E+01    7.2659999999999999E-05    9.6839593546905377E+01    3.7978000000000000E-03
  9.6996673179584860E+01    7.2429999999999996E-05    9.6996673179584860E+01    3.7916600000000001E-03
  9.7153752812264358E+01    7.2189999999999998E-05    9.7153752812264358E+01    3.7855499999999999E-03
  9.7310832444943841E+01    7.1959999999999995E-05    9.7310832444943841E+01    3.7794500000000002E-03
  9.7467912077623325E+01    7.1730000000000006E-05    9.7467912077623325E+01    3.7733699999999998E-03
  9.7624991710302822E+01    7.1500000000000003E-05    9.7624991710302822E+01    3.7673099999999998E-03
  9.7782071342982306E+01    7.1270000000000000E-05    9.7782071342982306E+01    3.7612800000000001E-03
  9.7939150975661803E+01    7.1039999999999997E-05    9.7939150975661803E+01    3.7552599999999998E-03
  9.8096230608341287E+01    7.0820000000000003E-05    9.8096230608341287E+01    3.7492599999999999E-03
  9.8253310241020785E+01    7.0590000000000000E-05    9.8253310241020785E+01    3.7432699999999999E-03
  9.8410389873700268E+01    7.0370000000000006E-05    9.8410389873700268E+01    3.7373100000000002E-03
  9.8567469506379766E+01    7.0140000000000003E-05    9.8567469506379766E+01    3.7313699999999999E-03
  9.8724549139059249E+01    6.9919999999999995E-05    9.8724549139059249E+01    3.7254499999999999E-03
  9.8881628771738733E+01    6.9700000000000000E-05    9.8881628771738733E+01    3.7195399999999999E-03
  9.9038708404418230E+01    6.9480000000000006E-05    9.9038708404418230E+01    3.7136500000000002E-03
  9.9195788037097714E+01    6.9259999999999998E-05    9.9195788037097714E+01    3.7077899999999999E-03
  9.9352867669777211E+01    6.9040000000000003E-05    9.9352867669777211E+01    3.7019399999999999E-03
  9.9509947302456695E+01    6.8819999999999995E-05    9.9509947302456695E+01    3.6960999999999999E-03
  9.9667026935136192E+01    6.8609999999999995E-05    9.9667026935136192E+01    3.6902900000000001E-03
  9.9824106567815676E+01    6.8390000000000001E-05    9.9824106567815676E+01    3.6844999999999998E-03
  9.9981186200495159E+01    6.8180000000000001E-05    9.9981186200495159E+01    3.6787199999999999E-03
