                       w                      Re11                         w                      Im11
  7.8539816339744828E-02    4.1565584963130114E-01    7.8539816339744828E-02    2.5777142073866919E-02
  2.3561944901923448E-01    4.0817211237093431E-01    2.3561944901923448E-01    4.2901863380968977E-02
  3.9269908169872414E-01    4.0088630775297518E-01    3.9269908169872414E-01    6.0868037061356212E-02
  5.4977871437821380E-01    3.9255637260644266E-01    5.4977871437821380E-01    7.8986648358320949E-02
  7.0685834705770345E-01    3.8268632881443498E-01    7.0685834705770345E-01    9.6180428673440205E-02
  8.6393797973719311E-01    3.7146043732794143E-01    8.6393797973719311E-01    1.1190792898446270E-01
  1.0210176124166828E+00    3.5921954807911144E-01    1.0210176124166828E+00    1.2592580329349462E-01
  1.1780972450961724E+00    3.4631885423505221E-01    1.1780972450961724E+00    1.3816659454957647E-01
  1.3351768777756621E+00    3.3307711429689491E-01    1.3351768777756621E+00    1.4867295966471233E-01
  1.4922565104551517E+00    3.1975786605113560E-01    1.4922565104551517E+00    1.5755439960719342E-01
  1.6493361431346414E+00    3.0656592523365656E-01    1.6493361431346414E+00    1.6495643976393856E-01
  1.8064157758141310E+00    2.9365182722054278E-01    1.8064157758141310E+00    1.7103893926846886E-01
  1.9634954084936207E+00    2.8111993516372841E-01    1.9634954084936207E+00    1.7596167182302613E-01
  2.1205750411731104E+00    2.6903758409396716E-01    2.1205750411731104E+00    1.7987554906277048E-01
  2.2776546738526000E+00    2.5744375804574610E-01    2.2776546738526000E+00    1.8291796785877265E-01
  2.4347343065320897E+00    2.4635657490237164E-01    2.4347343065320897E+00    1.8521096979267432E-01
  2.5918139392115793E+00    2.3577934844785142E-01    2.5918139392115793E+00    1.8686117530429158E-01
  2.7488935718910690E+00    2.2570527697984882E-01    2.7488935718910690E+00    1.8796073364728147E-01
  2.9059732045705586E+00    2.1612094063738368E-01    2.9059732045705586E+00    1.8858877112398470E-01
  3.0630528372500483E+00    2.0700883207954307E-01    3.0630528372500483E+00    1.8881300807326890E-01
  3.2201324699295379E+00    1.9834913849217067E-01    3.2201324699295379E+00    1.8869135050017746E-01
  3.3772121026090276E+00    1.9012096378216389E-01    3.3772121026090276E+00    1.8827335368321607E-01
  3.5342917352885173E+00    1.8230314384543753E-01    3.5342917352885173E+00    1.8760151325801894E-01
  3.6913713679680069E+00    1.7487477308912019E-01    3.6913713679680069E+00    1.8671237395422577E-01
  3.8484510006474966E+00    1.6781553049855524E-01    3.8484510006474966E+00    1.8563746518087620E-01
  4.0055306333269858E+00    1.6110586945879624E-01    4.0055306333269858E+00    1.8440408175820547E-01
  4.1626102660064763E+00    1.5472711698756966E-01    4.1626102660064763E+00    1.8303593125092216E-01
  4.3196898986859651E+00    1.4866151420206503E-01    4.3196898986859651E+00    1.8155366918498889E-01
  4.4767695313654556E+00    1.4289221978540462E-01    4.4767695313654556E+00    1.7997534157440431E-01
  4.6338491640449444E+00    1.3740329106179056E-01    4.6338491640449444E+00    1.7831675163761271E-01
  4.7909287967244349E+00    1.3217965229029757E-01    4.7909287967244349E+00    1.7659176490809564E-01
  4.9480084294039237E+00    1.2720705635596163E-01    4.9480084294039237E+00    1.7481256443508239E-01
  5.1050880620834143E+00    1.2247204372205522E-01    5.1050880620834143E+00    1.7298986556091223E-01
  5.2621676947629030E+00    1.1796190097416703E-01    5.2621676947629030E+00    1.7113309789116882E-01
  5.4192473274423936E+00    1.1366462029156592E-01    5.4192473274423936E+00    1.6925056053214110E-01
  5.5763269601218823E+00    1.0956886055084686E-01    5.5763269601218823E+00    1.6734955542344676E-01
  5.7334065928013729E+00    1.0566391037933276E-01    5.7334065928013729E+00    1.6543650259898884E-01
  5.8904862254808616E+00    1.0193965324707391E-01    5.8904862254808616E+00    1.6351704042351711E-01
  6.0475658581603522E+00    9.8386534559295052E-02    6.0475658581603522E+00    1.6159611323523146E-01
  6.2046454908398410E+00    9.4995530647437099E-02    6.2046454908398410E+00    1.5967804834274132E-01
  6.3617251235193315E+00    9.1758119531231294E-02    6.3617251235193315E+00    1.5776662394858471E-01
  6.5188047561988203E+00    8.8666253320206431E-02    6.5188047561988203E+00    1.5586512927808310E-01
  6.6758843888783108E+00    8.5712332130357033E-02    6.6758843888783108E+00    1.5397641796292516E-01
  6.8329640215577996E+00    8.2889179404109808E-02    6.8329640215577996E+00    1.5210295554887093E-01
  6.9900436542372901E+00    8.0190018535537116E-02    6.9900436542372901E+00    1.5024686185492736E-01
  7.1471232869167789E+00    7.7608450715979535E-02    7.1471232869167789E+00    1.4840994879845915E-01
  7.3042029195962694E+00    7.5138433926882353E-02    7.3042029195962694E+00    1.4659375421020118E-01
  7.4612825522757582E+00    7.2774263016386107E-02    7.4612825522757582E+00    1.4479957208988814E-01
  7.6183621849552488E+00    7.0510550804034983E-02    7.6183621849552488E+00    1.4302847969328508E-01
  7.7754418176347375E+00    6.8342210164080014E-02    7.7754418176347375E+00    1.4128136179183037E-01
  7.9325214503142281E+00    6.6264437042510033E-02    7.9325214503142281E+00    1.3955893240463421E-01
  8.0896010829937168E+00    6.4272694366435845E-02    8.0896010829937168E+00    1.3786175426750977E-01
  8.2466807156732074E+00    6.2362696807040131E-02    8.2466807156732074E+00    1.3619025627375630E-01
  8.4037603483526961E+00    6.0530396359223540E-02    8.4037603483526961E+00    1.3454474909557945E-01
  8.5608399810321867E+00    5.8771968702517656E-02    8.5608399810321867E+00    1.3292543917256611E-01
  8.7179196137116755E+00    5.7083800308954963E-02    8.7179196137116755E+00    1.3133244123395313E-01
  8.8749992463911660E+00    5.5462476264500682E-02    8.8749992463911660E+00    1.2976578950408235E-01
  9.0320788790706548E+00    5.3904768771454795E-02    9.0320788790706548E+00    1.2822544772506869E-01
  9.1891585117501453E+00    5.2407626299983946E-02    9.1891585117501453E+00    1.2671131811703856E-01
  9.3462381444296341E+00    5.0968163357690305E-02    9.3462381444296341E+00    1.2522324938409329E-01
  9.5033177771091246E+00    4.9583650846891057E-02    9.5033177771091246E+00    1.2376104386323410E-01
  9.6603974097886134E+00    4.8251506980088558E-02    9.6603974097886134E+00    1.2232446390369436E-01
  9.8174770424681039E+00    4.6969288724959320E-02    9.8174770424681039E+00    1.2091323755533200E-01
  9.9745566751475927E+00    4.5734683751086080E-02    9.9745566751475927E+00    1.1952706363683215E-01
  1.0131636307827083E+01    4.4545502851591562E-02    1.0131636307827083E+01    1.1816561624735827E-01
  1.0288715940506572E+01    4.3399672813805551E-02    1.0288715940506572E+01    1.1682854877889118E-01
  1.0445795573186063E+01    4.2295229714094967E-02    1.0445795573186063E+01    1.1551549748073157E-01
  1.0602875205865551E+01    4.1230312613005422E-02    1.0602875205865551E+01    1.1422608462245507E-01
  1.0759954838545042E+01    4.0203157627891978E-02    1.0759954838545042E+01    1.1295992129693427E-01
  1.0917034471224531E+01    3.9212092361248334E-02    1.0917034471224531E+01    1.1171660990083740E-01
  1.1074114103904021E+01    3.8255530663971249E-02    1.1074114103904021E+01    1.1049574632622408E-01
  1.1231193736583510E+01    3.7331967713812517E-02    1.1231193736583510E+01    1.0929692189345031E-01
  1.1388273369263000E+01    3.6439975390269046E-02    1.1388273369263000E+01    1.0811972505252546E-01
  1.1545353001942489E+01    3.5578197928138107E-02    1.1545353001942489E+01    1.0696374287730404E-01
  1.1702432634621980E+01    3.4745347832914483E-02    1.1702432634621980E+01    1.0582856237440944E-01
  1.1859512267301469E+01    3.3940202042126708E-02    1.1859512267301469E+01    1.0471377162655446E-01
  1.2016591899980959E+01    3.3161598317597289E-02    1.2016591899980959E+01    1.0361896078791254E-01
  1.2173671532660448E+01    3.2408431854466534E-02    1.2173671532660448E+01    1.0254372294738794E-01
  1.2330751165339938E+01    3.1679652093637704E-02    1.2330751165339938E+01    1.0148765487400854E-01
  1.2487830798019427E+01    3.0974259725084469E-02    1.2487830798019427E+01    1.0045035765720581E-01
  1.2644910430698918E+01    3.0291303870207620E-02    1.2644910430698918E+01    9.9431437253433147E-02
  1.2801990063378407E+01    2.9629879432138212E-02    1.2801990063378407E+01    9.8430504949396799E-02
  1.2959069696057897E+01    2.8989124603558170E-02    1.2959069696057897E+01    9.7447177751112030E-02
  1.3116149328737386E+01    2.8368218522248401E-02    1.3116149328737386E+01    9.6481078707047821E-02
  1.3273228961416876E+01    2.7766379065178370E-02    1.3273228961416876E+01    9.5531837172766296E-02
  1.3430308594096365E+01    2.7182860772522244E-02    1.3430308594096365E+01    9.4599089023697014E-02
  1.3587388226775856E+01    2.6616952893524774E-02    1.3587388226775856E+01    9.3682476821994515E-02
  1.3744467859455344E+01    2.6067977546647813E-02    1.3744467859455344E+01    9.2781649942810379E-02
  1.3901547492134835E+01    2.5535287986905311E-02    1.3901547492134835E+01    9.1896264664751731E-02
  1.4058627124814324E+01    2.5018266973744076E-02    1.4058627124814324E+01    9.1025984228801315E-02
  1.4215706757493814E+01    2.4516325233248829E-02    1.4215706757493814E+01    9.0170478869523341E-02
  1.4372786390173303E+01    2.4028900008846353E-02    1.4372786390173303E+01    8.9329425821977615E-02
  1.4529866022852794E+01    2.3555453695054601E-02    1.4529866022852794E+01    8.8502509307402083E-02
  1.4686945655532282E+01    2.3095472549170812E-02    1.4686945655532282E+01    8.7689420500399379E-02
  1.4844025288211773E+01    2.2648465476118981E-02    1.4844025288211773E+01    8.6889857480070859E-02
  1.5001104920891262E+01    2.2213962881982411E-02    1.5001104920891262E+01    8.6103525167280384E-02
  1.5158184553570752E+01    2.1791515592032903E-02    1.5158184553570752E+01    8.5330135249994485E-02
  1.5315264186250241E+01    2.1380693829336075E-02    1.5315264186250241E+01    8.4569406098434774E-02
  1.5472343818929732E+01    2.0981086250262307E-02    1.5472343818929732E+01    8.3821062671589161E-02
  1.5629423451609220E+01    2.0592299033467230E-02    1.5629423451609220E+01    8.3084836416458335E-02
  1.5786503084288711E+01    2.0213955019124281E-02    1.5786503084288711E+01    8.2360465161261706E-02
  1.5943582716968200E+01    1.9845692895397095E-02    1.5943582716968200E+01    8.1647693003689792E-02
  1.6100662349647688E+01    1.9487166429330051E-02    1.6100662349647688E+01    8.0946270195167772E-02
  1.6257741982327179E+01    1.9138043739514943E-02    1.6257741982327179E+01    8.0255953021984447E-02
  1.6414821615006669E+01    1.8798006608058308E-02    1.6414821615006669E+01    7.9576503684042676E-02
  1.6571901247686160E+01    1.8466749829530359E-02    1.6571901247686160E+01    7.8907690171898234E-02
  1.6728980880365647E+01    1.8143980594722511E-02    1.6728980880365647E+01    7.8249286142675373E-02
  1.6886060513045138E+01    1.7829417907176726E-02    1.6886060513045138E+01    7.7601070795375912E-02
  1.7043140145724628E+01    1.7522792030577630E-02    1.7043140145724628E+01    7.6962828746035633E-02
  1.7200219778404119E+01    1.7223843965217221E-02    1.7200219778404119E+01    7.6334349903124071E-02
  1.7357299411083606E+01    1.6932324951853681E-02    1.7357299411083606E+01    7.5715429343533480E-02
  1.7514379043763096E+01    1.6647996001389588E-02    1.7514379043763096E+01    7.5105867189457221E-02
  1.7671458676442587E+01    1.6370627448892425E-02    1.7671458676442587E+01    7.4505468486416593E-02
  1.7828538309122077E+01    1.6099998530571084E-02    1.7828538309122077E+01    7.3914043082659323E-02
  1.7985617941801564E+01    1.5835896982407161E-02    1.7985617941801564E+01    7.3331405510120296E-02
  1.8142697574481055E+01    1.5578118659219514E-02    1.8142697574481055E+01    7.2757374867106012E-02
  1.8299777207160545E+01    1.5326467173014871E-02    1.8299777207160545E+01    7.2191774702838982E-02
  1.8456856839840036E+01    1.5080753549546921E-02    1.8456856839840036E+01    7.1634432903974671E-02
  1.8613936472519523E+01    1.4840795902071423E-02    1.8613936472519523E+01    7.1085181583183943E-02
  1.8771016105199013E+01    1.4606419121345925E-02    1.8771016105199013E+01    7.0543856969874974E-02
  1.8928095737878504E+01    1.4377454580979658E-02    1.8928095737878504E+01    7.0010299303113824E-02
  1.9085175370557995E+01    1.4153739857292565E-02    1.9085175370557995E+01    6.9484352726787130E-02
  1.9242255003237482E+01    1.3935118462892519E-02    1.9242255003237482E+01    6.8965865187039260E-02
  1.9399334635916972E+01    1.3721439593226536E-02    1.9399334635916972E+01    6.8454688332004007E-02
  1.9556414268596463E+01    1.3512557885405823E-02    1.9556414268596463E+01    6.7950677413842406E-02
  1.9713493901275953E+01    1.3308333188645365E-02    1.9713493901275953E+01    6.7453691193088361E-02
  1.9870573533955440E+01    1.3108630345697548E-02    1.9870573533955440E+01    6.6963591845297460E-02
  2.0027653166634931E+01    1.2913318984695270E-02    2.0027653166634931E+01    6.6480244869987146E-02
  2.0184732799314421E+01    1.2722273320853952E-02    2.0184732799314421E+01    6.6003519001851252E-02
  2.0341812431993912E+01    1.2535371967513562E-02    2.0341812431993912E+01    6.5533286124226348E-02
  2.0498892064673399E+01    1.2352497756031573E-02    2.0498892064673399E+01    6.5069421184783940E-02
  2.0655971697352889E+01    1.2173537564065789E-02    2.0655971697352889E+01    6.4611802113418479E-02
  2.0813051330032380E+01    1.1998382151812184E-02    2.0813051330032380E+01    6.4160309742298152E-02
  2.0970130962711870E+01    1.1826926005787488E-02    2.0970130962711870E+01    6.3714827728042905E-02
  2.1127210595391357E+01    1.1659067189769438E-02    2.1127210595391357E+01    6.3275242475992297E-02
  2.1284290228070848E+01    1.1494707202529353E-02    2.1284290228070848E+01    6.2841443066523409E-02
  2.1441369860750338E+01    1.1333750842012092E-02    2.1441369860750338E+01    6.2413321183378487E-02
  2.1598449493429829E+01    1.1176106075637595E-02    2.1598449493429829E+01    6.1990771043960086E-02
  2.1755529126109316E+01    1.1021683916416296E-02    2.1755529126109316E+01    6.1573689331551308E-02
  2.1912608758788807E+01    1.0870398304587624E-02    2.1912608758788807E+01    6.1161975129417609E-02
  2.2069688391468297E+01    1.0722165994506797E-02    2.2069688391468297E+01    6.0755529856746905E-02
  2.2226768024147788E+01    1.0576906446520047E-02    2.2226768024147788E+01    6.0354257206383807E-02
  2.2383847656827275E+01    1.0434541723582581E-02    2.2383847656827275E+01    5.9958063084314367E-02
  2.2540927289506765E+01    1.0294996392386830E-02    2.2540927289506765E+01    5.9566855550857556E-02
  2.2698006922186256E+01    1.0158197428781154E-02    2.2698006922186256E+01    5.9180544763520082E-02
  2.2855086554865746E+01    1.0024074127270754E-02    2.2855086554865746E+01    5.8799042921471187E-02
  2.3012166187545233E+01    9.8925580144038662E-03    2.3012166187545233E+01    5.8422264211595062E-02
  2.3169245820224724E+01    9.7635827658565533E-03    2.3169245820224724E+01    5.8050124756078431E-02
  2.3326325452904214E+01    9.6370841270394872E-03    2.3326325452904214E+01    5.7682542561492064E-02
  2.3483405085583705E+01    9.5129998370591766E-03    2.3483405085583705E+01    5.7319437469324774E-02
  2.3640484718263192E+01    9.3912695558750325E-03    2.3640484718263192E+01    5.6960731107930401E-02
  2.3797564350942682E+01    9.2718347945018251E-03    2.3797564350942682E+01    5.6606346845847519E-02
  2.3954643983622173E+01    9.1546388481149633E-03    2.3954643983622173E+01    5.6256209746453734E-02
  2.4111723616301663E+01    9.0396267319232549E-03    2.4111723616301663E+01    5.5910246523916476E-02
  2.4268803248981150E+01    8.9267451196809317E-03    2.4268803248981150E+01    5.5568385500402863E-02
  2.4425882881660641E+01    8.8159422847170817E-03    2.4425882881660641E+01    5.5230556564512909E-02
  2.4582962514340132E+01    8.7071680433670230E-03    2.4582962514340132E+01    5.4896691130900205E-02
  2.4740042147019622E+01    8.6003737006958153E-03    2.4740042147019622E+01    5.4566722101045628E-02
  2.4897121779699109E+01    8.4955119984097775E-03    2.4897121779699109E+01    5.4240583825150387E-02
  2.5054201412378600E+01    8.3925370648570263E-03    2.5054201412378600E+01    5.3918212065115378E-02
  2.5211281045058090E+01    8.2914043670230288E-03    2.5211281045058090E+01    5.3599543958574997E-02
  2.5368360677737581E+01    8.1920706644317953E-03    2.5368360677737581E+01    5.3284517983953915E-02
  2.5525440310417068E+01    8.0944939648678084E-03    2.5525440310417068E+01    5.2973073926516866E-02
  2.5682519943096558E+01    7.9986334818378975E-03    2.5682519943096558E+01    5.2665152845381341E-02
  2.5839599575776049E+01    7.9044495936963152E-03    2.5839599575776049E+01    5.2360697041465114E-02
  2.5996679208455539E+01    7.8119038043599183E-03    2.5996679208455539E+01    5.2059650026340082E-02
  2.6153758841135026E+01    7.7209587055439600E-03    2.6153758841135026E+01    5.1761956491965661E-02
  2.6310838473814517E+01    7.6315779404523675E-03    2.6310838473814517E+01    5.1467562281275164E-02
  2.6467918106494007E+01    7.5437261688595172E-03    2.6467918106494007E+01    5.1176414359589785E-02
  2.6624997739173498E+01    7.4573690335235573E-03    2.6624997739173498E+01    5.0888460786835080E-02
  2.6782077371852985E+01    7.3724731278742009E-03    2.6782077371852985E+01    5.0603650690535906E-02
  2.6939157004532476E+01    7.2890059649205717E-03    2.6939157004532476E+01    5.0321934239566671E-02
  2.7096236637211966E+01    7.2069359473273288E-03    2.7096236637211966E+01    5.0043262618633656E-02
  2.7253316269891457E+01    7.1262323386096392E-03    2.7253316269891457E+01    4.9767588003467922E-02
  2.7410395902570944E+01    7.0468652353999602E-03    2.7410395902570944E+01    4.9494863536707075E-02
  2.7567475535250434E+01    6.9688055407417316E-03    2.7567475535250434E+01    4.9225043304445340E-02
  2.7724555167929925E+01    6.8920249383672061E-03    2.7724555167929925E+01    4.8958082313431767E-02
  2.7881634800609415E+01    6.8164958679185414E-03    2.7881634800609415E+01    4.8693936468897220E-02
  2.8038714433288902E+01    6.7421915010732851E-03    2.8038714433288902E+01    4.8432562552991054E-02
  2.8195794065968393E+01    6.6690857185369859E-03    2.8195794065968393E+01    4.8173918203809486E-02
  2.8352873698647883E+01    6.5971530878675662E-03    2.8352873698647883E+01    4.7917961894997661E-02
  2.8509953331327374E+01    6.5263688420974970E-03    2.8509953331327374E+01    4.7664652915908393E-02
  2.8667032964006861E+01    6.4567088591214990E-03    2.8667032964006861E+01    4.7413951352300837E-02
  2.8824112596686351E+01    6.3881496418188421E-03    2.8824112596686351E+01    4.7165818067563064E-02
  2.8981192229365842E+01    6.3206682988807810E-03    2.8981192229365842E+01    4.6920214684442817E-02
  2.9138271862045332E+01    6.2542425263149119E-03    2.9138271862045332E+01    4.6677103567271380E-02
  2.9295351494724819E+01    6.1888505895995030E-03    2.9295351494724819E+01    4.6436447804665881E-02
  2.9452431127404310E+01    6.1244713064620782E-03    2.9452431127404310E+01    4.6198211192695682E-02
  2.9609510760083801E+01    6.0610840302576102E-03    2.9609510760083801E+01    4.5962358218499408E-02
  2.9766590392763291E+01    5.9986686339227975E-03    2.9766590392763291E+01    4.5728854044338983E-02
  2.9923670025442778E+01    5.9372054944838880E-03    2.9923670025442778E+01    4.5497664492077851E-02
  3.0080749658122269E+01    5.8766754780965377E-03    3.0080749658122269E+01    4.5268756028070921E-02
  3.0237829290801759E+01    5.8170599255970810E-03    3.0237829290801759E+01    4.5042095748454171E-02
  3.0394908923481250E+01    5.7583406385454837E-03    3.0394908923481250E+01    4.4817651364821923E-02
  3.0551988556160737E+01    5.7004998657411016E-03    3.0551988556160737E+01    4.4595391190280775E-02
  3.0709068188840227E+01    5.6435202901931993E-03    3.0709068188840227E+01    4.4375284125868865E-02
  3.0866147821519718E+01    5.5873850165288784E-03    3.0866147821519718E+01    4.4157299647329978E-02
  3.1023227454199208E+01    5.5320775588218645E-03    3.1023227454199208E+01    4.3941407792232150E-02
  3.1180307086878695E+01    5.4775818288262937E-03    3.1180307086878695E+01    4.3727579147420634E-02
  3.1337386719558186E+01    5.4238821246002265E-03    3.1337386719558186E+01    4.3515784836795732E-02
  3.1494466352237676E+01    5.3709631195043989E-03    3.1494466352237676E+01    4.3305996509405885E-02
  3.1651545984917167E+01    5.3188098515621566E-03    3.1651545984917167E+01    4.3098186327847114E-02
  3.1808625617596654E+01    5.2674077131672249E-03    3.1808625617596654E+01    4.2892326956959832E-02
  3.1965705250276145E+01    5.2167424411264660E-03    3.1965705250276145E+01    4.2688391552814578E-02
  3.2122784882955635E+01    5.1668001070253088E-03    3.2122784882955635E+01    4.2486353751978449E-02
  3.2279864515635126E+01    5.1175671079040259E-03    3.2279864515635126E+01    4.2286187661053999E-02
  3.2436944148314616E+01    5.0690301572335426E-03    3.2436944148314616E+01    4.2087867846483100E-02
  3.2594023780994107E+01    5.0211762761799110E-03    3.2594023780994107E+01    4.1891369324608053E-02
  3.2751103413673590E+01    4.9739927851469986E-03    3.2751103413673590E+01    4.1696667551982695E-02
  3.2908183046353081E+01    4.9274672955873788E-03    3.2908183046353081E+01    4.1503738415926465E-02
  3.3065262679032571E+01    4.8815877020718457E-03    3.3065262679032571E+01    4.1312558225314551E-02
  3.3222342311712062E+01    4.8363421746082770E-03    3.3222342311712062E+01    4.1123103701597490E-02
  3.3379421944391552E+01    4.7917191512009960E-03    3.3379421944391552E+01    4.0935351970043735E-02
  3.3536501577071043E+01    4.7477073306421546E-03    3.3536501577071043E+01    4.0749280551199016E-02
  3.3693581209750533E+01    4.7042956655268982E-03    3.3693581209750533E+01    4.0564867352556391E-02
  3.3850660842430024E+01    4.6614733554845153E-03    3.3850660842430024E+01    4.0382090660431136E-02
  3.4007740475109507E+01    4.6192298406179865E-03    3.4007740475109507E+01    4.0200929132034872E-02
  3.4164820107788998E+01    4.5775547951446829E-03    3.4164820107788998E+01    4.0021361787743168E-02
  3.4321899740468488E+01    4.5364381212312467E-03    3.4321899740468488E+01    3.9843368003551691E-02
  3.4478979373147979E+01    4.4958699430159548E-03    3.4478979373147979E+01    3.9666927503715206E-02
  3.4636059005827470E+01    4.4558406008120815E-03    3.4636059005827470E+01    3.9492020353564902E-02
  3.4793138638506960E+01    4.4163406454861146E-03    3.4793138638506960E+01    3.9318626952498777E-02
  3.4950218271186451E+01    4.3773608330048060E-03    3.4950218271186451E+01    3.9146728027140566E-02
  3.5107297903865941E+01    4.3388921191453624E-03    3.5107297903865941E+01    3.8976304624662582E-02
  3.5264377536545425E+01    4.3009256543632213E-03    3.5264377536545425E+01    3.8807338106268033E-02
  3.5421457169224915E+01    4.2634527788121216E-03    3.5421457169224915E+01    3.8639810140828360E-02
  3.5578536801904406E+01    4.2264650175113574E-03    3.5578536801904406E+01    3.8473702698671702E-02
  3.5735616434583896E+01    4.1899540756552625E-03    3.5735616434583896E+01    3.8308998045518093E-02
  3.5892696067263387E+01    4.1539118340602268E-03    3.5892696067263387E+01    3.8145678736557741E-02
  3.6049775699942877E+01    4.1183303447446572E-03    3.6049775699942877E+01    3.7983727610668302E-02
  3.6206855332622368E+01    4.0832018266374918E-03    3.6206855332622368E+01    3.7823127784767666E-02
  3.6363934965301858E+01    4.0485186614110397E-03    3.6363934965301858E+01    3.7663862648298553E-02
  3.6521014597981342E+01    4.0142733894340740E-03    3.6521014597981342E+01    3.7505915857841333E-02
  3.6678094230660832E+01    3.9804587058412250E-03    3.6678094230660832E+01    3.7349271331851862E-02
  3.6835173863340323E+01    3.9470674567149326E-03    3.6835173863340323E+01    3.7193913245520960E-02
  3.6992253496019813E+01    3.9140926353762621E-03    3.6992253496019813E+01    3.7039826025752211E-02
  3.7149333128699304E+01    3.8815273787810973E-03    3.7149333128699304E+01    3.6886994346255218E-02
  3.7306412761378795E+01    3.8493649640183132E-03    3.7306412761378795E+01    3.6735403122751115E-02
  3.7463492394058285E+01    3.8175988049066619E-03    3.7463492394058285E+01    3.6585037508287420E-02
  3.7620572026737776E+01    3.7862224486872112E-03    3.7620572026737776E+01    3.6435882888659579E-02
  3.7777651659417259E+01    3.7552295728083152E-03    3.7777651659417259E+01    3.6287924877936112E-02
  3.7934731292096750E+01    3.7246139818001593E-03    3.7934731292096750E+01    3.6141149314085012E-02
  3.8091810924776240E+01    3.6943696042360833E-03    3.8091810924776240E+01    3.5995542254698601E-02
  3.8248890557455731E+01    3.6644904897779273E-03    3.8248890557455731E+01    3.5851089972814311E-02
  3.8405970190135221E+01    3.6349708063027788E-03    3.8405970190135221E+01    3.5707778952829089E-02
  3.8563049822814712E+01    3.6058048371085836E-03    3.8563049822814712E+01    3.5565595886504819E-02
  3.8720129455494202E+01    3.5769869781961585E-03    3.8720129455494202E+01    3.5424527669062643E-02
  3.8877209088173693E+01    3.5485117356252524E-03    3.8877209088173693E+01    3.5284561395363775E-02
  3.9034288720853176E+01    3.5203737229423542E-03    3.9034288720853176E+01    3.5145684356174753E-02
  3.9191368353532667E+01    3.4925676586780485E-03    3.9191368353532667E+01    3.5007884034514873E-02
  3.9348447986212157E+01    3.4650883639118020E-03    3.9348447986212157E+01    3.4871148102083832E-02
  3.9505527618891648E+01    3.4379307599020862E-03    3.9505527618891648E+01    3.4735464415767525E-02
  3.9662607251571139E+01    3.4110898657798922E-03    3.9662607251571139E+01    3.4600821014220060E-02
  3.9819686884250629E+01    3.3845607963036827E-03    3.9819686884250629E+01    3.4467206114520046E-02
  3.9976766516930120E+01    3.3583387596739398E-03    3.9976766516930120E+01    3.4334608108899413E-02
  4.0133846149609610E+01    3.3324190554055175E-03    4.0133846149609610E+01    3.4203015561542843E-02
  4.0290925782289094E+01    3.3067970722560633E-03    4.0290925782289094E+01    3.4072417205456153E-02
  4.0448005414968584E+01    3.2814682862088223E-03    4.0448005414968584E+01    3.3942801939401870E-02
  4.0605085047648075E+01    3.2564282585082335E-03    4.0605085047648075E+01    3.3814158824900478E-02
  4.0762164680327565E+01    3.2316726337467167E-03    4.0762164680327565E+01    3.3686477083295488E-02
  4.0919244313007056E+01    3.2071971380011636E-03    4.0919244313007056E+01    3.3559746092881024E-02
  4.1076323945686546E+01    3.1829975770176601E-03    4.1076323945686546E+01    3.3433955386090286E-02
  4.1233403578366037E+01    3.1590698344430199E-03    4.1233403578366037E+01    3.3309094646743392E-02
  4.1390483211045527E+01    3.1354098701017719E-03    4.1390483211045527E+01    3.3185153707353213E-02
  4.1547562843725011E+01    3.1120137183172619E-03    4.1547562843725011E+01    3.3062122546487757E-02
  4.1704642476404501E+01    3.0888774862755978E-03    4.1704642476404501E+01    3.2939991286187839E-02
  4.1861722109083992E+01    3.0659973524312014E-03    4.1861722109083992E+01    3.2818750189438570E-02
  4.2018801741763482E+01    3.0433695649527545E-03    4.2018801741763482E+01    3.2698389657693477E-02
  4.2175881374442973E+01    3.0209904402083844E-03    4.2175881374442973E+01    3.2578900228449975E-02
  4.2332961007122464E+01    2.9988563612889734E-03    4.2332961007122464E+01    3.2460272572874940E-02
  4.2490040639801954E+01    2.9769637765684892E-03    4.2490040639801954E+01    3.2342497493479290E-02
  4.2647120272481445E+01    2.9553091983002939E-03    4.2647120272481445E+01    3.2225565921840262E-02
  4.2804199905160928E+01    2.9338892012484036E-03    4.2804199905160928E+01    3.2109468916370398E-02
  4.2961279537840419E+01    2.9127004213527243E-03    4.2961279537840419E+01    3.1994197660132076E-02
  4.3118359170519909E+01    2.8917395544272892E-03    4.3118359170519909E+01    3.1879743458696583E-02
  4.3275438803199400E+01    2.8710033548905896E-03    4.3275438803199400E+01    3.1766097738046541E-02
  4.3432518435878890E+01    2.8504886345270867E-03    4.3432518435878890E+01    3.1653252042520862E-02
  4.3589598068558381E+01    2.8301922612790440E-03    4.3589598068558381E+01    3.1541198032801171E-02
  4.3746677701237871E+01    2.8101111580678385E-03    4.3746677701237871E+01    3.1429927483938622E-02
  4.3903757333917362E+01    2.7902423016439295E-03    4.3903757333917362E+01    3.1319432283420393E-02
  4.4060836966596845E+01    2.7705827214646972E-03    4.4060836966596845E+01    3.1209704429274766E-02
  4.4217916599276336E+01    2.7511294985993816E-03    4.4217916599276336E+01    3.1100736028214001E-02
  4.4374996231955826E+01    2.7318797646603867E-03    4.4374996231955826E+01    3.0992519293814094E-02
  4.4532075864635317E+01    2.7128307007602244E-03    4.4532075864635317E+01    3.0885046544730590E-02
  4.4689155497314808E+01    2.6939795364933905E-03    4.4689155497314808E+01    3.0778310202949667E-02
  4.4846235129994298E+01    2.6753235489425176E-03    4.4846235129994298E+01    3.0672302792073607E-02
  4.5003314762673789E+01    2.6568600617081295E-03    4.5003314762673789E+01    3.0567016935639971E-02
  4.5160394395353279E+01    2.6385864439613669E-03    4.5160394395353279E+01    3.0462445355473652E-02
  4.5317474028032763E+01    2.6205001095190744E-03    4.5317474028032763E+01    3.0358580870071088E-02
  4.5474553660712253E+01    2.6025985159406316E-03    4.5474553660712253E+01    3.0255416393015912E-02
  4.5631633293391744E+01    2.5848791636459700E-03    4.5631633293391744E+01    3.0152944931425361E-02
  4.5788712926071234E+01    2.5673395950541939E-03    4.5788712926071234E+01    3.0051159584426709E-02
  4.5945792558750725E+01    2.5499773937422677E-03    4.5945792558750725E+01    2.9950053541663066E-02
  4.6102872191430215E+01    2.5327901836232360E-03    4.6102872191430215E+01    2.9849620081827968E-02
  4.6259951824109706E+01    2.5157756281434661E-03    4.6259951824109706E+01    2.9749852571227996E-02
  4.6417031456789196E+01    2.4989314294983993E-03    4.6417031456789196E+01    2.9650744462372904E-02
  4.6574111089468680E+01    2.4822553278663517E-03    4.6574111089468680E+01    2.9552289292592612E-02
  4.6731190722148170E+01    2.4657451006598603E-03    4.6731190722148170E+01    2.9454480682680480E-02
  4.6888270354827661E+01    2.4493985617941492E-03    4.6888270354827661E+01    2.9357312335562293E-02
  4.7045349987507151E+01    2.4332135609722496E-03    4.7045349987507151E+01    2.9260778034990373E-02
  4.7202429620186642E+01    2.4171879829863554E-03    4.7202429620186642E+01    2.9164871644262326E-02
  4.7359509252866133E+01    2.4013197470349849E-03    4.7359509252866133E+01    2.9069587104963837E-02
  4.7516588885545623E+01    2.3856068060555554E-03    4.7516588885545623E+01    2.8974918435734978E-02
  4.7673668518225114E+01    2.3700471460719680E-03    4.7673668518225114E+01    2.8880859731059624E-02
  4.7830748150904597E+01    2.3546387855568128E-03    4.7830748150904597E+01    2.8787405160077360E-02
  4.7987827783584088E+01    2.3393797748078385E-03    4.7987827783584088E+01    2.8694548965417448E-02
  4.8144907416263578E+01    2.3242681953383137E-03    4.8144907416263578E+01    2.8602285462054441E-02
  4.8301987048943069E+01    2.3093021592809240E-03    4.8301987048943069E+01    2.8510609036184811E-02
  4.8459066681622559E+01    2.2944798088048754E-03    4.8459066681622559E+01    2.8419514144124403E-02
  4.8616146314302050E+01    2.2797993155458628E-03    4.8616146314302050E+01    2.8328995311225992E-02
  4.8773225946981540E+01    2.2652588800485861E-03    4.8773225946981540E+01    2.8239047130816743E-02
  4.8930305579661031E+01    2.2508567312214929E-03    4.8930305579661031E+01    2.8149664263155020E-02
  4.9087385212340514E+01    2.2365911258034575E-03    4.9087385212340514E+01    2.8060841434406208E-02
  4.9244464845020005E+01    2.2224603478420766E-03    4.9244464845020005E+01    2.7972573435637096E-02
  4.9401544477699495E+01    2.2084627081833232E-03    4.9401544477699495E+01    2.7884855121828485E-02
  4.9558624110378986E+01    2.1945965439722488E-03    4.9558624110378986E+01    2.7797681410905616E-02
  4.9715703743058477E+01    2.1808602181644836E-03    4.9715703743058477E+01    2.7711047282786009E-02
  4.9872783375737967E+01    2.1672521190482580E-03    4.9872783375737967E+01    2.7624947778444441E-02
  5.0029863008417458E+01    2.1537706597766931E-03    5.0029863008417458E+01    2.7539377998994634E-02
  5.0186942641096948E+01    2.1404142779101053E-03    5.0186942641096948E+01    2.7454333104787326E-02
  5.0344022273776432E+01    2.1271814349680873E-03    5.0344022273776432E+01    2.7369808314524388E-02
  5.0501101906455922E+01    2.1140706159911197E-03    5.0501101906455922E+01    2.7285798904388696E-02
  5.0658181539135413E+01    2.1010803291114932E-03    5.0658181539135413E+01    2.7202300207189369E-02
  5.0815261171814903E+01    2.0882091051333089E-03    5.0815261171814903E+01    2.7119307611522113E-02
  5.0972340804494394E+01    2.0754554971213371E-03    5.0972340804494394E+01    2.7036816560944334E-02
  5.1129420437173884E+01    2.0628180799985340E-03    5.1129420437173884E+01    2.6954822553164743E-02
  5.1286500069853375E+01    2.0502954501519927E-03    5.1286500069853375E+01    2.6873321139247112E-02
  5.1443579702532865E+01    2.0378862250471433E-03    5.1443579702532865E+01    2.6792307922827972E-02
  5.1600659335212349E+01    2.0255890428499909E-03    5.1600659335212349E+01    2.6711778559347921E-02
  5.1757738967891839E+01    2.0134025620572138E-03    5.1757738967891839E+01    2.6631728755296250E-02
  5.1914818600571330E+01    2.0013254611339340E-03    5.1914818600571330E+01    2.6552154267468667E-02
  5.2071898233250820E+01    1.9893564381589669E-03    5.2071898233250820E+01    2.6473050902237869E-02
  5.2228977865930311E+01    1.9774942104773918E-03    5.2228977865930311E+01    2.6394414514836612E-02
  5.2386057498609802E+01    1.9657375143602601E-03    5.2386057498609802E+01    2.6316241008653121E-02
  5.2543137131289292E+01    1.9540851046712790E-03    5.2543137131289292E+01    2.6238526334538617E-02
  5.2700216763968783E+01    1.9425357545403070E-03    5.2700216763968783E+01    2.6161266490126588E-02
  5.2857296396648266E+01    1.9310882550435031E-03    5.2857296396648266E+01    2.6084457519163703E-02
  5.3014376029327757E+01    1.9197414148899739E-03    5.3014376029327757E+01    2.6008095510852116E-02
  5.3171455662007247E+01    1.9084940601147742E-03    5.3171455662007247E+01    2.5932176599202869E-02
  5.3328535294686738E+01    1.8973450337781070E-03    5.3328535294686738E+01    2.5856696962400227E-02
  5.3485614927366228E+01    1.8862931956705852E-03    5.3485614927366228E+01    2.5781652822176794E-02
  5.3642694560045719E+01    1.8753374220244164E-03    5.3642694560045719E+01    2.5707040443199016E-02
  5.3799774192725209E+01    1.8644766052303729E-03    5.3799774192725209E+01    2.5632856132463092E-02
  5.3956853825404700E+01    1.8537096535604155E-03    5.3956853825404700E+01    2.5559096238700958E-02
  5.4113933458084183E+01    1.8430354908958481E-03    5.4113933458084183E+01    2.5485757151796126E-02
  5.4271013090763674E+01    1.8324530564608659E-03    5.4271013090763674E+01    2.5412835302209315E-02
  5.4428092723443164E+01    1.8219613045613924E-03    5.4428092723443164E+01    2.5340327160413567E-02
  5.4585172356122655E+01    1.8115592043290670E-03    5.4585172356122655E+01    2.5268229236338719E-02
  5.4742251988802145E+01    1.8012457394702842E-03    5.4742251988802145E+01    2.5196538078825038E-02
  5.4899331621481636E+01    1.7910199080201582E-03    5.4899331621481636E+01    2.5125250275085869E-02
  5.5056411254161127E+01    1.7808807221013148E-03    5.5056411254161127E+01    2.5054362450179078E-02
  5.5213490886840617E+01    1.7708272076873905E-03    5.5213490886840617E+01    2.4983871266487188E-02
  5.5370570519520101E+01    1.7608584043711465E-03    5.5370570519520101E+01    2.4913773423205939E-02
  5.5527650152199591E+01    1.7509733651370825E-03    5.5527650152199591E+01    2.4844065655841276E-02
  5.5684729784879082E+01    1.7411711561384675E-03    5.5684729784879082E+01    2.4774744735714414E-02
  5.5841809417558572E+01    1.7314508564786695E-03    5.5841809417558572E+01    2.4705807469475000E-02
  5.5998889050238063E+01    1.7218115579967091E-03    5.5998889050238063E+01    2.4637250698622090E-02
  5.6155968682917553E+01    1.7122523650569311E-03    5.6155968682917553E+01    2.4569071299032873E-02
  5.6313048315597044E+01    1.7027723943427121E-03    5.6313048315597044E+01    2.4501266180499005E-02
  5.6470127948276534E+01    1.6933707746541089E-03    5.6470127948276534E+01    2.4433832286270316E-02
  5.6627207580956018E+01    1.6840466467093703E-03    5.6627207580956018E+01    2.4366766592605872E-02
  5.6784287213635508E+01    1.6747991629502208E-03    5.6784287213635508E+01    2.4300066108332168E-02
  5.6941366846314999E+01    1.6656274873508403E-03    5.6941366846314999E+01    2.4233727874408386E-02
  5.7098446478994489E+01    1.6565307952304553E-03    5.7098446478994489E+01    2.4167748963498534E-02
  5.7255526111673980E+01    1.6475082730694689E-03    5.7255526111673980E+01    2.4102126479550359E-02
  5.7412605744353471E+01    1.6385591183290503E-03    5.7412605744353471E+01    2.4036857557380956E-02
  5.7569685377032961E+01    1.6296825392741068E-03    5.7569685377032961E+01    2.3971939362268827E-02
  5.7726765009712452E+01    1.6208777547995767E-03    5.7726765009712452E+01    2.3907369089552447E-02
  5.7883844642391935E+01    1.6121439942599605E-03    5.7883844642391935E+01    2.3843143964235054E-02
  5.8040924275071426E+01    1.6034804973020251E-03    5.8040924275071426E+01    2.3779261240595654E-02
  5.8198003907750916E+01    1.5948865137006226E-03    5.8198003907750916E+01    2.3715718201806086E-02
  5.8355083540430407E+01    1.5863613031975421E-03    5.8355083540430407E+01    2.3652512159554058E-02
  5.8512163173109897E+01    1.5779041353433450E-03    5.8512163173109897E+01    2.3589640453672026E-02
  5.8669242805789388E+01    1.5695142893421116E-03    5.8669242805789388E+01    2.3527100451771820E-02
  5.8826322438468878E+01    1.5611910538990443E-03    5.8826322438468878E+01    2.3464889548884919E-02
  5.8983402071148369E+01    1.5529337270708623E-03    5.8983402071148369E+01    2.3403005167108273E-02
  5.9140481703827852E+01    1.5447416161189335E-03    5.9140481703827852E+01    2.3341444755255569E-02
  5.9297561336507343E+01    1.5366140373650847E-03    5.9297561336507343E+01    2.3280205788513832E-02
  5.9454640969186833E+01    1.5285503160500371E-03    5.9454640969186833E+01    2.3219285768105311E-02
  5.9611720601866324E+01    1.5205497861944073E-03    5.9611720601866324E+01    2.3158682220954484E-02
  5.9768800234545814E+01    1.5126117904622266E-03    5.9768800234545814E+01    2.3098392699360169E-02
  5.9925879867225305E+01    1.5047356800269253E-03    5.9925879867225305E+01    2.3038414780672589E-02
  6.0082959499904796E+01    1.4969208144397265E-03    6.0082959499904796E+01    2.2978746066975368E-02
  6.0240039132584286E+01    1.4891665615004092E-03    6.0240039132584286E+01    2.2919384184772254E-02
  6.0397118765263770E+01    1.4814722971303838E-03    6.0397118765263770E+01    2.2860326784678676E-02
  6.0554198397943260E+01    1.4738374052480369E-03    6.0554198397943260E+01    2.2801571541117841E-02
  6.0711278030622751E+01    1.4662612776462970E-03    6.0711278030622751E+01    2.2743116152021455E-02
  6.0868357663302241E+01    1.4587433138723831E-03    6.0868357663302241E+01    2.2684958338534889E-02
  6.1025437295981732E+01    1.4512829211096780E-03    6.1025437295981732E+01    2.2627095844726771E-02
  6.1182516928661222E+01    1.4438795140616992E-03    6.1182516928661222E+01    2.2569526437302888E-02
  6.1339596561340713E+01    1.4365325148381141E-03    6.1339596561340713E+01    2.2512247905324339E-02
  6.1496676194020203E+01    1.4292413528427636E-03    6.1496676194020203E+01    2.2455258059929893E-02
  6.1653755826699687E+01    1.4220054646636514E-03    6.1653755826699687E+01    2.2398554734062423E-02
  6.1810835459379177E+01    1.4148242939648608E-03    6.1810835459379177E+01    2.2342135782199381E-02
  6.1967915092058668E+01    1.4076972913803631E-03    6.1967915092058668E+01    2.2285999080087267E-02
  6.2124994724738158E+01    1.4006239144096729E-03    6.2124994724738158E+01    2.2230142524479978E-02
  6.2282074357417649E+01    1.3936036273153236E-03    6.2282074357417649E+01    2.2174564032880970E-02
  6.2439153990097140E+01    1.3866359010221146E-03    6.2439153990097140E+01    2.2119261543289245E-02
  6.2596233622776630E+01    1.3797202130181104E-03    6.2596233622776630E+01    2.2064233013948990E-02
  6.2753313255456121E+01    1.3728560472573421E-03    6.2753313255456121E+01    2.2009476423102879E-02
  6.2910392888135604E+01    1.3660428940641897E-03    6.2910392888135604E+01    2.1954989768748979E-02
  6.3067472520815095E+01    1.3592802500394015E-03    6.3067472520815095E+01    2.1900771068401100E-02
  6.3224552153494585E+01    1.3525676179677326E-03    6.3224552153494585E+01    2.1846818358852729E-02
  6.3381631786174076E+01    1.3459045067271535E-03    6.3381631786174076E+01    2.1793129695944255E-02
  6.3538711418853566E+01    1.3392904311996150E-03    6.3538711418853566E+01    2.1739703154333601E-02
  6.3695791051533057E+01    1.3327249121833262E-03    6.3695791051533057E+01    2.1686536827270123E-02
  6.3852870684212547E+01    1.3262074763065251E-03    6.3852870684212547E+01    2.1633628826371768E-02
  6.4009950316892031E+01    1.3197376559427078E-03    6.4009950316892031E+01    2.1580977281405400E-02
  6.4167029949571528E+01    1.3133149891272893E-03    6.4167029949571528E+01    2.1528580340070238E-02
  6.4324109582251012E+01    1.3069390194756737E-03    6.4324109582251012E+01    2.1476436167784430E-02
  6.4481189214930509E+01    1.3006092961026935E-03    6.4481189214930509E+01    2.1424542947474583E-02
  6.4638268847609993E+01    1.2943253735434087E-03    6.4638268847609993E+01    2.1372898879368336E-02
  6.4795348480289476E+01    1.2880868116752269E-03    6.4795348480289476E+01    2.1321502180789813E-02
  6.4952428112968974E+01    1.2818931756413251E-03    6.4952428112968974E+01    2.1270351085957966E-02
  6.5109507745648457E+01    1.2757440357753455E-03    6.5109507745648457E+01    2.1219443845787816E-02
  6.5266587378327955E+01    1.2696389675273447E-03    6.5266587378327955E+01    2.1168778727694359E-02
  6.5423667011007439E+01    1.2635775513909714E-03    6.5423667011007439E+01    2.1118354015399361E-02
  6.5580746643686936E+01    1.2575593728318432E-03    6.5580746643686936E+01    2.1068168008740708E-02
  6.5737826276366420E+01    1.2515840222171149E-03    6.5737826276366420E+01    2.1018219023484528E-02
  6.5894905909045917E+01    1.2456510947461931E-03    6.5894905909045917E+01    2.0968505391139848E-02
  6.6051985541725401E+01    1.2397601903826041E-03    6.6051985541725401E+01    2.0919025458775886E-02
  6.6209065174404884E+01    1.2339109137869649E-03    6.6209065174404884E+01    2.0869777588841783E-02
  6.6366144807084382E+01    1.2281028742510587E-03    6.6366144807084382E+01    2.0820760158988916E-02
  6.6523224439763865E+01    1.2223356856329826E-03    6.6523224439763865E+01    2.0771971561895620E-02
  6.6680304072443363E+01    1.2166089662933499E-03    6.6680304072443363E+01    2.0723410205094286E-02
  6.6837383705122846E+01    1.2109223390325313E-03    6.6837383705122846E+01    2.0675074510800896E-02
  6.6994463337802344E+01    1.2052754310289081E-03    6.6994463337802344E+01    2.0626962915746831E-02
  6.7151542970481827E+01    1.1996678737781301E-03    6.7151542970481827E+01    2.0579073871013036E-02
  6.7308622603161311E+01    1.1940993030333455E-03    6.7308622603161311E+01    2.0531405841866360E-02
  6.7465702235840808E+01    1.1885693587463991E-03    6.7465702235840808E+01    2.0483957307598211E-02
  6.7622781868520292E+01    1.1830776850099711E-03    6.7622781868520292E+01    2.0436726761365365E-02
  6.7779861501199790E+01    1.1776239300006403E-03    6.7779861501199790E+01    2.0389712710032881E-02
  6.7936941133879273E+01    1.1722077459228662E-03    6.7936941133879273E+01    2.0342913674019227E-02
  6.8094020766558771E+01    1.1668287889538506E-03    6.8094020766558771E+01    2.0296328187143407E-02
  6.8251100399238254E+01    1.1614867191892921E-03    6.8251100399238254E+01    2.0249954796474224E-02
  6.8408180031917752E+01    1.1561812005899856E-03    6.8408180031917752E+01    2.0203792062181487E-02
  6.8565259664597235E+01    1.1509119009292827E-03    6.8565259664597235E+01    2.0157838557389278E-02
  6.8722339297276719E+01    1.1456784917413707E-03    6.8722339297276719E+01    2.0112092868031128E-02
  6.8879418929956216E+01    1.1404806482703724E-03    6.8879418929956216E+01    2.0066553592707148E-02
  6.9036498562635700E+01    1.1353180494202493E-03    6.9036498562635700E+01    2.0021219342543084E-02
  6.9193578195315197E+01    1.1301903777054820E-03    6.9193578195315197E+01    1.9976088741051164E-02
  6.9350657827994681E+01    1.1250973192025353E-03    6.9350657827994681E+01    1.9931160423992900E-02
  6.9507737460674178E+01    1.1200385635020702E-03    6.9507737460674178E+01    1.9886433039243596E-02
  6.9664817093353662E+01    1.1150138036619102E-03    6.9664817093353662E+01    1.9841905246658714E-02
  6.9821896726033145E+01    1.1100227361607331E-03    6.9821896726033145E+01    1.9797575717941975E-02
  6.9978976358712643E+01    1.1050650608524855E-03    6.9978976358712643E+01    1.9753443136515177E-02
  7.0136055991392126E+01    1.1001404809215028E-03    7.0136055991392126E+01    1.9709506197389759E-02
  7.0293135624071624E+01    1.0952487028383206E-03    7.0293135624071624E+01    1.9665763607039987E-02
  7.0450215256751108E+01    1.0903894363161722E-03    7.0450215256751108E+01    1.9622214083277863E-02
  7.0607294889430605E+01    1.0855623942681491E-03    7.0607294889430605E+01    1.9578856355129591E-02
  7.0764374522110089E+01    1.0807672927650286E-03    7.0764374522110089E+01    1.9535689162713733E-02
  7.0921454154789586E+01    1.0760038509937361E-03    7.0921454154789586E+01    1.9492711257120838E-02
  7.1078533787469070E+01    1.0712717912164543E-03    7.1078533787469070E+01    1.9449921400294733E-02
  7.1235613420148553E+01    1.0665708387303462E-03    7.1235613420148553E+01    1.9407318364915278E-02
  7.1392693052828051E+01    1.0619007218278991E-03    7.1392693052828051E+01    1.9364900934282663E-02
  7.1549772685507534E+01    1.0572611717578667E-03    7.1549772685507534E+01    1.9322667902203185E-02
  7.1706852318187032E+01    1.0526519226868032E-03    7.1706852318187032E+01    1.9280618072876482E-02
  7.1863931950866515E+01    1.0480727116611830E-03    7.1863931950866515E+01    1.9238750260784233E-02
  7.2021011583546013E+01    1.0435232785700873E-03    7.2021011583546013E+01    1.9197063290580241E-02
  7.2178091216225496E+01    1.0390033661084571E-03    7.2178091216225496E+01    1.9155555996981988E-02
  7.2335170848904980E+01    1.0345127197408949E-03    7.2335170848904980E+01    1.9114227224663480E-02
  7.2492250481584477E+01    1.0300510876660115E-03    7.2492250481584477E+01    1.9073075828149509E-02
  7.2649330114263961E+01    1.0256182207813082E-03    7.2649330114263961E+01    1.9032100671711266E-02
  7.2806409746943459E+01    1.0212138726485771E-03    7.2806409746943459E+01    1.8991300629263227E-02
  7.2963489379622942E+01    1.0168377994598252E-03    7.2963489379622942E+01    1.8950674584261386E-02
  7.3120569012302440E+01    1.0124897600036990E-03    7.3120569012302440E+01    1.8910221429602719E-02
  7.3277648644981923E+01    1.0081695156324111E-03    7.3277648644981923E+01    1.8869940067525993E-02
  7.3434728277661421E+01    1.0038768302291538E-03    7.3434728277661421E+01    1.8829829409513707E-02
  7.3591807910340904E+01    9.9961147017599804E-04    7.3591807910340904E+01    1.8789888376195371E-02
  7.3748887543020388E+01    9.9537320432226172E-04    7.3748887543020388E+01    1.8750115897251930E-02
  7.3905967175699885E+01    9.9116180395334569E-04    7.3905967175699885E+01    1.8710510911321369E-02
  7.4063046808379369E+01    9.8697704276002880E-04    7.4063046808379369E+01    1.8671072365905570E-02
  7.4220126441058866E+01    9.8281869680820911E-04    7.4220126441058866E+01    1.8631799217278214E-02
  7.4377206073738350E+01    9.7868654450909177E-04    7.4377206073738350E+01    1.8592690430393945E-02
  7.4534285706417847E+01    9.7458036658980968E-04    7.4534285706417847E+01    1.8553744978798532E-02
  7.4691365339097331E+01    9.7049994606447296E-04    7.4691365339097331E+01    1.8514961844540257E-02
  7.4848444971776814E+01    9.6644506820563799E-04    7.4848444971776814E+01    1.8476340018082318E-02
  7.5005524604456312E+01    9.6241552051619253E-04    7.5005524604456312E+01    1.8437878498216327E-02
  7.5162604237135795E+01    9.5841109270164686E-04    7.5162604237135795E+01    1.8399576291976895E-02
  7.5319683869815293E+01    9.5443157664282328E-04    7.5319683869815293E+01    1.8361432414557219E-02
  7.5476763502494777E+01    9.5047676636894379E-04    7.5476763502494777E+01    1.8323445889225753E-02
  7.5633843135174274E+01    9.4654645803109974E-04    7.5633843135174274E+01    1.8285615747243831E-02
  7.5790922767853758E+01    9.4264044987610741E-04    7.5790922767853758E+01    1.8247941027784369E-02
  7.5948002400533255E+01    9.3875854222073385E-04    7.5948002400533255E+01    1.8210420777851469E-02
  7.6105082033212739E+01    9.3490053742629499E-04    7.6105082033212739E+01    1.8173054052201092E-02
  7.6262161665892222E+01    9.3106623987361395E-04    7.6262161665892222E+01    1.8135839913262584E-02
  7.6419241298571720E+01    9.2725545593833579E-04    7.6419241298571720E+01    1.8098777431061266E-02
  7.6576320931251203E+01    9.2346799396659704E-04    7.6576320931251203E+01    1.8061865683141866E-02
  7.6733400563930701E+01    9.1970366425103407E-04    7.6733400563930701E+01    1.8025103754492889E-02
  7.6890480196610184E+01    9.1596227900713726E-04    7.6890480196610184E+01    1.7988490737471961E-02
  7.7047559829289682E+01    9.1224365234993403E-04    7.7047559829289682E+01    1.7952025731731956E-02
  7.7204639461969165E+01    9.0854760027100619E-04    7.7204639461969165E+01    1.7915707844148126E-02
  7.7361719094648649E+01    9.0487394061582508E-04    7.7361719094648649E+01    1.7879536188745986E-02
  7.7518798727328146E+01    9.0122249306140846E-04    7.7518798727328146E+01    1.7843509886630152E-02
  7.7675878360007630E+01    8.9759307909429169E-04    7.7675878360007630E+01    1.7807628065913985E-02
  7.7832957992687128E+01    8.9398552198880193E-04    7.7832957992687128E+01    1.7771889861650049E-02
  7.7990037625366611E+01    8.9039964678564246E-04    7.7990037625366611E+01    1.7736294415761425E-02
  7.8147117258046109E+01    8.8683528027076860E-04    7.8147117258046109E+01    1.7700840876973854E-02
  7.8304196890725592E+01    8.8329225095456414E-04    7.8304196890725592E+01    1.7665528400748615E-02
  7.8461276523405090E+01    8.7977038905130017E-04    7.8461276523405090E+01    1.7630356149216236E-02
  7.8618356156084573E+01    8.7626952645888457E-04    7.8618356156084573E+01    1.7595323291111020E-02
  7.8775435788764057E+01    8.7278949673888625E-04    7.8775435788764057E+01    1.7560429001706256E-02
  7.8932515421443554E+01    8.6933013509683831E-04    7.8932515421443554E+01    1.7525672462750247E-02
  7.9089595054123038E+01    8.6589127836281276E-04    7.9089595054123038E+01    1.7491052862403076E-02
  7.9246674686802535E+01    8.6247276497225837E-04    7.9246674686802535E+01    1.7456569395174096E-02
  7.9403754319482019E+01    8.5907443494710680E-04    7.9403754319482019E+01    1.7422221261860167E-02
  7.9560833952161516E+01    8.5569612987713181E-04    7.9560833952161516E+01    1.7388007669484576E-02
  7.9717913584841000E+01    8.5233769290156912E-04    7.9717913584841000E+01    1.7353927831236717E-02
  7.9874993217520483E+01    8.4899896869098084E-04    7.9874993217520483E+01    1.7319980966412428E-02
  8.0032072850199981E+01    8.4567980342937143E-04    8.0032072850199981E+01    1.7286166300355003E-02
  8.0189152482879464E+01    8.4238004479654494E-04    8.0189152482879464E+01    1.7252483064396976E-02
  8.0346232115558962E+01    8.3909954195070084E-04    8.0346232115558962E+01    1.7218930495802445E-02
  8.0503311748238445E+01    8.3583814551126676E-04    8.0503311748238445E+01    1.7185507837710157E-02
  8.0660391380917943E+01    8.3259570754196132E-04    8.0660391380917943E+01    1.7152214339077210E-02
  8.0817471013597427E+01    8.2937208153408828E-04    8.0817471013597427E+01    1.7119049254623400E-02
  8.0974550646276924E+01    8.2616712239005116E-04    8.0974550646276924E+01    1.7086011844776188E-02
  8.1131630278956408E+01    8.2298068640709442E-04    8.1131630278956408E+01    1.7053101375616348E-02
  8.1288709911635891E+01    8.1981263126125752E-04    8.1288709911635891E+01    1.7020317118824169E-02
  8.1445789544315389E+01    8.1666281599154713E-04    8.1445789544315389E+01    1.6987658351626297E-02
  8.1602869176994872E+01    8.1353110098432066E-04    8.1602869176994872E+01    1.6955124356743199E-02
  8.1759948809674370E+01    8.1041734795787444E-04    8.1759948809674370E+01    1.6922714422337191E-02
  8.1917028442353853E+01    8.0732141994724251E-04    8.1917028442353853E+01    1.6890427841961063E-02
  8.2074108075033351E+01    8.0424318128919097E-04    8.2074108075033351E+01    1.6858263914507281E-02
  8.2231187707712834E+01    8.0118249760741740E-04    8.2231187707712834E+01    1.6826221944157779E-02
  8.2388267340392318E+01    7.9813923579794108E-04    8.2388267340392318E+01    1.6794301240334288E-02
  8.2545346973071815E+01    7.9511326401468909E-04    8.2545346973071815E+01    1.6762501117649237E-02
  8.2702426605751299E+01    7.9210445165527174E-04    8.2702426605751299E+01    1.6730820895857208E-02
  8.2859506238430797E+01    7.8911266934694356E-04    8.2859506238430797E+01    1.6699259899806917E-02
  8.3016585871110280E+01    7.8613778893275182E-04    8.3016585871110280E+01    1.6667817459393754E-02
  8.3173665503789778E+01    7.8317968345786295E-04    8.3173665503789778E+01    1.6636492909512815E-02
  8.3330745136469261E+01    7.8023822715607091E-04    8.3330745136469261E+01    1.6605285590012502E-02
  8.3487824769148759E+01    7.7731329543647950E-04    8.3487824769148759E+01    1.6574194845648600E-02
  8.3644904401828242E+01    7.7440476487036032E-04    8.3644904401828242E+01    1.6543220026038894E-02
  8.3801984034507726E+01    7.7151251317817934E-04    8.3801984034507726E+01    1.6512360485618244E-02
  8.3959063667187223E+01    7.6863641921679350E-04    8.3959063667187223E+01    1.6481615583594199E-02
  8.4116143299866707E+01    7.6577636296681374E-04    8.4116143299866707E+01    1.6450984683903082E-02
  8.4273222932546204E+01    7.6293222552012993E-04    8.4273222932546204E+01    1.6420467155166565E-02
  8.4430302565225688E+01    7.6010388906759823E-04    8.4430302565225688E+01    1.6390062370648693E-02
  8.4587382197905185E+01    7.5729123688688565E-04    8.4587382197905185E+01    1.6359769708213422E-02
  8.4744461830584669E+01    7.5449415333047384E-04    8.4744461830584669E+01    1.6329588550282582E-02
  8.4901541463264152E+01    7.5171252381381348E-04    8.4901541463264152E+01    1.6299518283794334E-02
  8.5058621095943650E+01    7.4894623480363238E-04    8.5058621095943650E+01    1.6269558300162041E-02
  8.5215700728623133E+01    7.4619517380639479E-04    8.5215700728623133E+01    1.6239707995233631E-02
  8.5372780361302631E+01    7.4345922935690383E-04    8.5372780361302631E+01    1.6209966769251349E-02
  8.5529859993982114E+01    7.4073829100705407E-04    8.5529859993982114E+01    1.6180334026812002E-02
  8.5686939626661612E+01    7.3803224931472307E-04    8.5686939626661612E+01    1.6150809176827569E-02
  8.5844019259341096E+01    7.3534099583280805E-04    8.5844019259341096E+01    1.6121391632486333E-02
  8.6001098892020593E+01    7.3266442309839709E-04    8.6001098892020593E+01    1.6092080811214285E-02
  8.6158178524700077E+01    7.3000242462208250E-04    8.6158178524700077E+01    1.6062876134637125E-02
  8.6315258157379560E+01    7.2735489487740453E-04    8.6315258157379560E+01    1.6033777028542497E-02
  8.6472337790059058E+01    7.2472172929043132E-04    8.6472337790059058E+01    1.6004782922842749E-02
  8.6629417422738541E+01    7.2210282422946915E-04    8.6629417422738541E+01    1.5975893251538049E-02
  8.6786497055418039E+01    7.1949807699490107E-04    8.6786497055418039E+01    1.5947107452679885E-02
  8.6943576688097522E+01    7.1690738580915494E-04    8.6943576688097522E+01    1.5918424968334972E-02
  8.7100656320777020E+01    7.1433064980679518E-04    8.7100656320777020E+01    1.5889845244549533E-02
  8.7257735953456503E+01    7.1176776902474035E-04    8.7257735953456503E+01    1.5861367731313983E-02
  8.7414815586135987E+01    7.0921864439260022E-04    8.7414815586135987E+01    1.5832991882527930E-02
  8.7571895218815484E+01    7.0668317772313617E-04    8.7571895218815484E+01    1.5804717155965618E-02
  8.7728974851494968E+01    7.0416127170283831E-04    8.7728974851494968E+01    1.5776543013241710E-02
  8.7886054484174466E+01    7.0165282988261942E-04    8.7886054484174466E+01    1.5748468919777388E-02
  8.8043134116853949E+01    6.9915775666862657E-04    8.8043134116853949E+01    1.5720494344766880E-02
  8.8200213749533447E+01    6.9667595731316234E-04    8.8200213749533447E+01    1.5692618761144288E-02
  8.8357293382212930E+01    6.9420733790572311E-04    8.8357293382212930E+01    1.5664841645550806E-02
  8.8514373014892428E+01    6.9175180536414289E-04    8.8514373014892428E+01    1.5637162478302220E-02
  8.8671452647571911E+01    6.8930926742585027E-04    8.8671452647571911E+01    1.5609580743356829E-02
  8.8828532280251395E+01    6.8687963263923001E-04    8.8828532280251395E+01    1.5582095928283633E-02
  8.8985611912930892E+01    6.8446281035509178E-04    8.8985611912930892E+01    1.5554707524230877E-02
  8.9142691545610376E+01    6.8205871071824373E-04    8.9142691545610376E+01    1.5527415025894949E-02
  8.9299771178289873E+01    6.7966724465916674E-04    8.9299771178289873E+01    1.5500217931489538E-02
  8.9456850810969357E+01    6.7728832388579444E-04    8.9456850810969357E+01    1.5473115742715199E-02
  8.9613930443648854E+01    6.7492186087538800E-04    8.9613930443648854E+01    1.5446107964729132E-02
  8.9771010076328338E+01    6.7256776886651516E-04    8.9771010076328338E+01    1.5419194106115371E-02
  8.9928089709007821E+01    6.7022596185112228E-04    8.9928089709007821E+01    1.5392373678855206E-02
  9.0085169341687319E+01    6.6789635456670398E-04    9.0085169341687319E+01    1.5365646198297955E-02
  9.0242248974366802E+01    6.6557886248856928E-04    9.0242248974366802E+01    1.5339011183132020E-02
  9.0399328607046300E+01    6.6327340182219773E-04    9.0399328607046300E+01    1.5312468155356234E-02
  9.0556408239725783E+01    6.6097988949569055E-04    9.0556408239725783E+01    1.5286016640251525E-02
  9.0713487872405281E+01    6.5869824315231056E-04    9.0713487872405281E+01    1.5259656166352827E-02
  9.0870567505084765E+01    6.5642838114311373E-04    9.0870567505084765E+01    1.5233386265421350E-02
  9.1027647137764262E+01    6.5417022251966657E-04    9.1027647137764262E+01    1.5207206472417040E-02
  9.1184726770443746E+01    6.5192368702685403E-04    9.1184726770443746E+01    1.5181116325471401E-02
  9.1341806403123229E+01    6.4968869509576972E-04    9.1341806403123229E+01    1.5155115365860550E-02
  9.1498886035802727E+01    6.4746516783669296E-04    9.1498886035802727E+01    1.5129203137978555E-02
  9.1655965668482210E+01    6.4525302703215075E-04    9.1655965668482210E+01    1.5103379189311048E-02
  9.1813045301161708E+01    6.4305219513005856E-04    9.1813045301161708E+01    1.5077643070409102E-02
  9.1970124933841191E+01    6.4086259523694628E-04    9.1970124933841191E+01    1.5051994334863362E-02
  9.2127204566520689E+01    6.3868415111126178E-04    9.2127204566520689E+01    1.5026432539278458E-02
  9.2284284199200172E+01    6.3651678715675607E-04    9.2284284199200172E+01    1.5000957243247660E-02
  9.2441363831879656E+01    6.3436042841594350E-04    9.2441363831879656E+01    1.4975568009327790E-02
  9.2598443464559153E+01    6.3221500056364233E-04    9.2598443464559153E+01    1.4950264403014384E-02
  9.2755523097238637E+01    6.3008042990058972E-04    9.2755523097238637E+01    1.4925045992717115E-02
  9.2912602729918135E+01    6.2795664334713060E-04    9.2912602729918135E+01    1.4899912349735443E-02
  9.3069682362597618E+01    6.2584356843698385E-04    9.3069682362597618E+01    1.4874863048234533E-02
  9.3226761995277116E+01    6.2374113331107781E-04    9.3226761995277116E+01    1.4849897665221374E-02
  9.3383841627956599E+01    6.2164926671146113E-04    9.3383841627956599E+01    1.4825015780521183E-02
  9.3540921260636097E+01    6.1956789797528084E-04    9.3540921260636097E+01    1.4800216976754006E-02
  9.3698000893315580E+01    6.1749695702883664E-04    9.3698000893315580E+01    1.4775500839311579E-02
  9.3855080525995064E+01    6.1543637438169635E-04    9.3855080525995064E+01    1.4750866956334392E-02
  9.4012160158674561E+01    6.1338608112088730E-04    9.4012160158674561E+01    1.4726314918688987E-02
  9.4169239791354045E+01    6.1134600890515062E-04    9.4169239791354045E+01    1.4701844319945515E-02
  9.4326319424033542E+01    6.0931608995926296E-04    9.4326319424033542E+01    1.4677454756355447E-02
  9.4483399056713026E+01    6.0729625706842461E-04    9.4483399056713026E+01    1.4653145826829571E-02
  9.4640478689392523E+01    6.0528644357271178E-04    9.4640478689392523E+01    1.4628917132916159E-02
  9.4797558322072007E+01    6.0328658336159283E-04    9.4797558322072007E+01    1.4604768278779375E-02
  9.4954637954751490E+01    6.0129661086850831E-04    9.4954637954751490E+01    1.4580698871177885E-02
  9.5111717587430988E+01    5.9931646106551077E-04    9.5111717587430988E+01    1.4556708519443656E-02
  9.5268797220110471E+01    5.9734606945797053E-04    9.5268797220110471E+01    1.4532796835461026E-02
  9.5425876852789969E+01    5.9538537207933688E-04    9.5425876852789969E+01    1.4508963433645879E-02
  9.5582956485469452E+01    5.9343430548596367E-04    9.5582956485469452E+01    1.4485207930925125E-02
  9.5740036118148950E+01    5.9149280675199008E-04    9.5740036118148950E+01    1.4461529946716295E-02
  9.5897115750828434E+01    5.8956081346428317E-04    9.5897115750828434E+01    1.4437929102907400E-02
  9.6054195383507931E+01    5.8763826371743485E-04    9.6054195383507931E+01    1.4414405023836934E-02
  9.6211275016187415E+01    5.8572509610881843E-04    9.6211275016187415E+01    1.4390957336274112E-02
  9.6368354648866898E+01    5.8382124973369877E-04    9.6368354648866898E+01    1.4367585669399260E-02
  9.6525434281546396E+01    5.8192666418039967E-04    9.6525434281546396E+01    1.4344289654784417E-02
  9.6682513914225879E+01    5.8004127952552469E-04    9.6682513914225879E+01    1.4321068926374136E-02
  9.6839593546905377E+01    5.7816503632923222E-04    9.6839593546905377E+01    1.4297923120466431E-02
  9.6996673179584860E+01    5.7629787563056450E-04    9.6996673179584860E+01    1.4274851875693943E-02
  9.7153752812264358E+01    5.7443973894282733E-04    9.7153752812264358E+01    1.4251854833005260E-02
  9.7310832444943841E+01    5.7259056824902400E-04    9.7310832444943841E+01    1.4228931635646451E-02
  9.7467912077623325E+01    5.7075030599733833E-04    9.7467912077623325E+01    1.4206081929142723E-02
  9.7624991710302822E+01    5.6891889509666938E-04    9.7624991710302822E+01    1.4183305361280294E-02
  9.7782071342982306E+01    5.6709627891221646E-04    9.7782071342982306E+01    1.4160601582088452E-02
  9.7939150975661803E+01    5.6528240126111154E-04    9.7939150975661803E+01    1.4137970243821716E-02
  9.8096230608341287E+01    5.6347720640810323E-04    9.8096230608341287E+01    1.4115411000942244E-02
  9.8253310241020785E+01    5.6168063906128496E-04    9.8253310241020785E+01    1.4092923510102358E-02
  9.8410389873700268E+01    5.5989264436787447E-04    9.8410389873700268E+01    1.4070507430127254E-02
  9.8567469506379766E+01    5.5811316791003717E-04    9.8567469506379766E+01    1.4048162421997877E-02
  9.8724549139059249E+01    5.5634215570075777E-04    9.8724549139059249E+01    1.4025888148833944E-02
  9.8881628771738733E+01    5.5457955417975583E-04    9.8881628771738733E+01    1.4003684275877133E-02
  9.9038708404418230E+01    5.5282531020944749E-04    9.9038708404418230E+01    1.3981550470474443E-02
  9.9195788037097714E+01    5.5107937107095164E-04    9.9195788037097714E+01    1.3959486402061683E-02
  9.9352867669777211E+01    5.4934168446013902E-04    9.9352867669777211E+01    1.3937491742147146E-02
  9.9509947302456695E+01    5.4761219848372658E-04    9.9509947302456695E+01    1.3915566164295415E-02
  9.9667026935136192E+01    5.4589086165541200E-04    9.9667026935136192E+01    1.3893709344111323E-02
  9.9824106567815676E+01    5.4417762289205376E-04    9.9824106567815676E+01    1.3871920959224075E-02
  9.9981186200495159E+01    5.4247243150988978E-04    9.9981186200495159E+01    1.3850200689271503E-02
