                       w                      Re11                         w                      Im11
  7.8539816339744828E-02    4.1572438000000000E-01    7.8539816339744828E-02    2.5805990000000001E-02
  2.3561944901923448E-01    4.0780572999999998E-01    2.3561944901923448E-01    4.2184140000000002E-02
  3.9269908169872414E-01    4.0084779999999998E-01    3.9269908169872414E-01    6.1187079999999998E-02
  5.4977871437821380E-01    3.9240159000000002E-01    5.4977871437821380E-01    7.9601480000000002E-02
  7.0685834705770345E-01    3.8239223000000000E-01    7.0685834705770345E-01    9.6769309999999997E-02
  8.6393797973719311E-01    3.7110239000000000E-01    8.6393797973719311E-01    1.1231888000000000E-01
  1.0210176124166828E+00    3.5889706999999998E-01    1.0210176124166828E+00    1.2616032999999999E-01
  1.1780972450961724E+00    3.4610030000000003E-01    1.1780972450961724E+00    1.3823274999999999E-01
  1.3351768777756621E+00    3.3299837999999998E-01    1.3351768777756621E+00    1.4872349000000001E-01
  1.4922565104551517E+00    3.1988962999999998E-01    1.4922565104551517E+00    1.5698760000000000E-01
  1.6493361431346414E+00    3.0670904999999998E-01    1.6493361431346414E+00    1.6629278000000000E-01
  1.8064157758141310E+00    2.9375295000000001E-01    1.8064157758141310E+00    1.6969680000000001E-01
  1.9634954084936207E+00    2.8187718000000000E-01    1.9634954084936207E+00    1.7537446000000001E-01
  2.1205750411731104E+00    2.6978471999999998E-01    2.1205750411731104E+00    1.8075498000000001E-01
  2.2776546738526000E+00    2.5775146999999998E-01    2.2776546738526000E+00    1.8420054000000000E-01
  2.4347343065320897E+00    2.4635760000000001E-01    2.4347343065320897E+00    1.8604893000000000E-01
  2.5918139392115793E+00    2.3575418000000001E-01    2.5918139392115793E+00    1.8708104000000000E-01
  2.7488935718910690E+00    2.2582844999999999E-01    2.7488935718910690E+00    1.8776464000000001E-01
  2.9059732045705586E+00    2.1643133000000001E-01    2.9059732045705586E+00    1.8825496999999999E-01
  3.0630528372500483E+00    2.0745847000000001E-01    3.0630528372500483E+00    1.8855559999999999E-01
  3.2201324699295379E+00    1.9885517000000000E-01    3.2201324699295379E+00    1.8862693000000000E-01
  3.3772121026090276E+00    1.9060089000000000E-01    3.3772121026090276E+00    1.8843466000000000E-01
  3.5342917352885173E+00    1.8269320999999999E-01    3.5342917352885173E+00    1.8796483999999999E-01
  3.6913713679680069E+00    1.7513608000000000E-01    3.6913713679680069E+00    1.8722368000000000E-01
  3.8484510006474966E+00    1.6793287000000001E-01    3.8484510006474966E+00    1.8623223000000000E-01
  4.0055306333269858E+00    1.6108293000000001E-01    4.0055306333269858E+00    1.8502015999999999E-01
  4.1626102660064763E+00    1.5458071000000001E-01    4.1626102660064763E+00    1.8362063000000001E-01
  4.3196898986859651E+00    1.4841615000000000E-01    4.3196898986859651E+00    1.8206655999999999E-01
  4.4767695313654556E+00    1.4257571999999999E-01    4.4767695313654556E+00    1.8038851000000000E-01
  4.6338491640449444E+00    1.3704367000000001E-01    4.6338491640449444E+00    1.7861345000000001E-01
  4.7909287967244349E+00    1.3180301000000000E-01    4.7909287967244349E+00    1.7676451000000001E-01
  4.9480084294039237E+00    1.2683641000000001E-01    4.9480084294039237E+00    1.7486104999999999E-01
  5.1050880620834143E+00    1.2212678000000000E-01    5.1050880620834143E+00    1.7291901000000001E-01
  5.2621676947629030E+00    1.1765771999999999E-01    5.2621676947629030E+00    1.7095141000000000E-01
  5.4192473274423936E+00    1.1341369000000000E-01    5.4192473274423936E+00    1.6896876999999999E-01
  5.5763269601218823E+00    1.0938017000000000E-01    5.5763269601218823E+00    1.6697962000000000E-01
  5.7334065928013729E+00    1.0554365000000000E-01    5.7334065928013729E+00    1.6499077000000001E-01
  5.8904862254808616E+00    1.0189168000000000E-01    5.8904862254808616E+00    1.6300776000000000E-01
  6.0475658581603522E+00    9.8412769999999997E-02    6.0475658581603522E+00    1.6103506000000001E-01
  6.2046454908398410E+00    9.5096310000000003E-02    6.2046454908398410E+00    1.5907621999999999E-01
  6.3617251235193315E+00    9.1932539999999993E-02    6.3617251235193315E+00    1.5713415999999999E-01
  6.5188047561988203E+00    8.8912439999999995E-02    6.5188047561988203E+00    1.5521123000000001E-01
  6.6758843888783108E+00    8.6027690000000004E-02    6.6758843888783108E+00    1.5330930000000001E-01
  6.8329640215577996E+00    8.3270609999999995E-02    6.8329640215577996E+00    1.5142992999999999E-01
  6.9900436542372901E+00    8.0634029999999995E-02    6.9900436542372901E+00    1.4957430999999999E-01
  7.1471232869167789E+00    7.8111330000000007E-02    7.1471232869167789E+00    1.4774341999999999E-01
  7.3042029195962694E+00    7.5696360000000004E-02    7.3042029195962694E+00    1.4593803000000000E-01
  7.4612825522757582E+00    7.3383350000000000E-02    7.4612825522757582E+00    1.4415871999999999E-01
  7.6183621849552488E+00    7.1166930000000003E-02    7.6183621849552488E+00    1.4240591999999999E-01
  7.7754418176347375E+00    6.9042090000000000E-02    7.7754418176347375E+00    1.4067995999999999E-01
  7.9325214503142281E+00    6.7004140000000004E-02    7.9325214503142281E+00    1.3898103000000001E-01
  8.0896010829937168E+00    6.5048659999999994E-02    8.0896010829937168E+00    1.3730923000000000E-01
  8.2466807156732074E+00    6.3171519999999995E-02    8.2466807156732074E+00    1.3566460999999999E-01
  8.4037603483526961E+00    6.1368840000000001E-02    8.4037603483526961E+00    1.3404711000000000E-01
  8.5608399810321867E+00    5.9636979999999999E-02    8.5608399810321867E+00    1.3245665000000001E-01
  8.7179196137116755E+00    5.7972469999999998E-02    8.7179196137116755E+00    1.3089308999999999E-01
  8.8749992463911660E+00    5.6372079999999998E-02    8.8749992463911660E+00    1.2935620000000000E-01
  9.0320788790706548E+00    5.4832770000000003E-02    9.0320788790706548E+00    1.2784577000000000E-01
  9.1891585117501453E+00    5.3351639999999999E-02    9.1891585117501453E+00    1.2636153999999999E-01
  9.3462381444296341E+00    5.1925970000000002E-02    9.3462381444296341E+00    1.2490319000000000E-01
  9.5033177771091246E+00    5.0553180000000003E-02    9.5033177771091246E+00    1.2347043000000001E-01
  9.6603974097886134E+00    4.9230860000000001E-02    9.6603974097886134E+00    1.2206291000000000E-01
  9.8174770424681039E+00    4.7956680000000002E-02    9.8174770424681039E+00    1.2068026000000000E-01
  9.9745566751475927E+00    4.6728480000000003E-02    9.9745566751475927E+00    1.1932212000000000E-01
  1.0131636307827083E+01    4.5544200000000000E-02    1.0131636307827083E+01    1.1798810999999999E-01
  1.0288715940506572E+01    4.4401860000000001E-02    1.0288715940506572E+01    1.1667784000000000E-01
  1.0445795573186063E+01    4.3299640000000000E-02    1.0445795573186063E+01    1.1539090000000000E-01
  1.0602875205865551E+01    4.2235780000000001E-02    1.0602875205865551E+01    1.1412691000000000E-01
  1.0759954838545042E+01    4.1208590000000003E-02    1.0759954838545042E+01    1.1288542999999999E-01
  1.0917034471224531E+01    4.0216509999999997E-02    1.0917034471224531E+01    1.1166607000000001E-01
  1.1074114103904021E+01    3.9258029999999999E-02    1.1074114103904021E+01    1.1046841000000000E-01
  1.1231193736583510E+01    3.8331730000000001E-02    1.1231193736583510E+01    1.0929203999999999E-01
  1.1388273369263000E+01    3.7436259999999999E-02    1.1388273369263000E+01    1.0813657000000000E-01
  1.1545353001942489E+01    3.6570329999999998E-02    1.1545353001942489E+01    1.0700155000000000E-01
  1.1702432634621980E+01    3.5732710000000001E-02    1.1702432634621980E+01    1.0588662000000000E-01
  1.1859512267301469E+01    3.4922229999999999E-02    1.1859512267301469E+01    1.0479134000000000E-01
  1.2016591899980959E+01    3.4137800000000003E-02    1.2016591899980959E+01    1.0371532999999999E-01
  1.2173671532660448E+01    3.3378360000000003E-02    1.2173671532660448E+01    1.0265819000000000E-01
  1.2330751165339938E+01    3.2642900000000002E-02    1.2330751165339938E+01    1.0161955000000000E-01
  1.2487830798019427E+01    3.1930470000000002E-02    1.2487830798019427E+01    1.0059899999999999E-01
  1.2644910430698918E+01    3.1240140000000000E-02    1.2644910430698918E+01    9.9596180000000006E-02
  1.2801990063378407E+01    3.0571069999999999E-02    1.2801990063378407E+01    9.8610710000000004E-02
  1.2959069696057897E+01    2.9922420000000002E-02    1.2959069696057897E+01    9.7642229999999997E-02
  1.3116149328737386E+01    2.9293409999999999E-02    1.3116149328737386E+01    9.6690369999999998E-02
  1.3273228961416876E+01    2.8683270000000000E-02    1.3273228961416876E+01    9.5754800000000001E-02
  1.3430308594096365E+01    2.8091290000000001E-02    1.3430308594096365E+01    9.4835139999999998E-02
  1.3587388226775856E+01    2.7516780000000001E-02    1.3587388226775856E+01    9.3931089999999995E-02
  1.3744467859455344E+01    2.6959090000000002E-02    1.3744467859455344E+01    9.3042290000000000E-02
  1.3901547492134835E+01    2.6417580000000000E-02    1.3901547492134835E+01    9.2168410000000006E-02
  1.4058627124814324E+01    2.5891669999999999E-02    1.4058627124814324E+01    9.1309150000000006E-02
  1.4215706757493814E+01    2.5380770000000000E-02    1.4215706757493814E+01    9.0464190000000000E-02
  1.4372786390173303E+01    2.4884350000000000E-02    1.4372786390173303E+01    8.9633210000000005E-02
  1.4529866022852794E+01    2.4401869999999999E-02    1.4529866022852794E+01    8.8815930000000001E-02
  1.4686945655532282E+01    2.3932849999999999E-02    1.4686945655532282E+01    8.8012049999999994E-02
  1.4844025288211773E+01    2.3476790000000001E-02    1.4844025288211773E+01    8.7221279999999998E-02
  1.5001104920891262E+01    2.3033250000000002E-02    1.5001104920891262E+01    8.6443339999999994E-02
  1.5158184553570752E+01    2.2601770000000000E-02    1.5158184553570752E+01    8.5677970000000006E-02
  1.5315264186250241E+01    2.2181949999999999E-02    1.5315264186250241E+01    8.4924870000000000E-02
  1.5472343818929732E+01    2.1773379999999998E-02    1.5472343818929732E+01    8.4183820000000006E-02
  1.5629423451609220E+01    2.1375660000000001E-02    1.5629423451609220E+01    8.3454539999999994E-02
  1.5786503084288711E+01    2.0988440000000001E-02    1.5786503084288711E+01    8.2736790000000004E-02
  1.5943582716968200E+01    2.0611350000000001E-02    1.5943582716968200E+01    8.2030309999999995E-02
  1.6100662349647688E+01    2.0244060000000001E-02    1.6100662349647688E+01    8.1334879999999998E-02
  1.6257741982327179E+01    1.9886230000000001E-02    1.6257741982327179E+01    8.0650269999999996E-02
  1.6414821615006669E+01    1.9537570000000001E-02    1.6414821615006669E+01    7.9976240000000004E-02
  1.6571901247686160E+01    1.9197750000000000E-02    1.6571901247686160E+01    7.9312569999999999E-02
  1.6728980880365647E+01    1.8866500000000001E-02    1.6728980880365647E+01    7.8659060000000003E-02
  1.6886060513045138E+01    1.8543529999999999E-02    1.6886060513045138E+01    7.8015479999999998E-02
  1.7043140145724628E+01    1.8228580000000001E-02    1.7043140145724628E+01    7.7381640000000002E-02
  1.7200219778404119E+01    1.7921389999999999E-02    1.7200219778404119E+01    7.6757329999999999E-02
  1.7357299411083606E+01    1.7621720000000000E-02    1.7357299411083606E+01    7.6142349999999998E-02
  1.7514379043763096E+01    1.7329319999999999E-02    1.7514379043763096E+01    7.5536519999999996E-02
  1.7671458676442587E+01    1.7043969999999999E-02    1.7671458676442587E+01    7.4939649999999997E-02
  1.7828538309122077E+01    1.6765459999999999E-02    1.7828538309122077E+01    7.4351550000000002E-02
  1.7985617941801564E+01    1.6493560000000001E-02    1.7985617941801564E+01    7.3772060000000000E-02
  1.8142697574481055E+01    1.6228079999999999E-02    1.8142697574481055E+01    7.3200989999999994E-02
  1.8299777207160545E+01    1.5968810000000000E-02    1.8299777207160545E+01    7.2638159999999993E-02
  1.8456856839840036E+01    1.5715590000000002E-02    1.8456856839840036E+01    7.2083439999999999E-02
  1.8613936472519523E+01    1.5468210000000000E-02    1.8613936472519523E+01    7.1536649999999993E-02
  1.8771016105199013E+01    1.5226500000000000E-02    1.8771016105199013E+01    7.0997619999999997E-02
  1.8928095737878504E+01    1.4990300000000000E-02    1.8928095737878504E+01    7.0466219999999996E-02
  1.9085175370557995E+01    1.4759440000000000E-02    1.9085175370557995E+01    6.9942279999999996E-02
  1.9242255003237482E+01    1.4533770000000000E-02    1.9242255003237482E+01    6.9425660000000000E-02
  1.9399334635916972E+01    1.4313140000000000E-02    1.9399334635916972E+01    6.8916220000000000E-02
  1.9556414268596463E+01    1.4097390000000000E-02    1.9556414268596463E+01    6.8413829999999995E-02
  1.9713493901275953E+01    1.3886390000000000E-02    1.9713493901275953E+01    6.7918339999999994E-02
  1.9870573533955440E+01    1.3680009999999999E-02    1.9870573533955440E+01    6.7429619999999996E-02
  2.0027653166634931E+01    1.3478110000000000E-02    2.0027653166634931E+01    6.6947540000000000E-02
  2.0184732799314421E+01    1.3280560000000000E-02    2.0184732799314421E+01    6.6471970000000005E-02
  2.0341812431993912E+01    1.3087250000000000E-02    2.0341812431993912E+01    6.6002790000000006E-02
  2.0498892064673399E+01    1.2898059999999999E-02    2.0498892064673399E+01    6.5539879999999995E-02
  2.0655971697352889E+01    1.2712869999999999E-02    2.0655971697352889E+01    6.5083119999999994E-02
  2.0813051330032380E+01    1.2531570000000001E-02    2.0813051330032380E+01    6.4632400000000007E-02
  2.0970130962711870E+01    1.2354060000000000E-02    2.0970130962711870E+01    6.4187599999999997E-02
  2.1127210595391357E+01    1.2180220000000000E-02    2.1127210595391357E+01    6.3748620000000006E-02
  2.1284290228070848E+01    1.2009970000000000E-02    2.1284290228070848E+01    6.3315339999999998E-02
  2.1441369860750338E+01    1.1843210000000000E-02    2.1441369860750338E+01    6.2887659999999998E-02
  2.1598449493429829E+01    1.1679840000000000E-02    2.1598449493429829E+01    6.2465479999999997E-02
  2.1755529126109316E+01    1.1519770000000000E-02    2.1755529126109316E+01    6.2048689999999997E-02
  2.1912608758788807E+01    1.1362930000000000E-02    2.1912608758788807E+01    6.1637209999999998E-02
  2.2069688391468297E+01    1.1209210000000001E-02    2.2069688391468297E+01    6.1230910000000000E-02
  2.2226768024147788E+01    1.1058540000000000E-02    2.2226768024147788E+01    6.0829740000000000E-02
  2.2383847656827275E+01    1.0910850000000000E-02    2.2383847656827275E+01    6.0433590000000002E-02
  2.2540927289506765E+01    1.0766049999999999E-02    2.2540927289506765E+01    6.0042369999999998E-02
  2.2698006922186256E+01    1.0624079999999999E-02    2.2698006922186256E+01    5.9655979999999997E-02
  2.2855086554865746E+01    1.0484850000000000E-02    2.2855086554865746E+01    5.9274359999999998E-02
  2.3012166187545233E+01    1.0348300000000000E-02    2.3012166187545233E+01    5.8897400000000003E-02
  2.3169245820224724E+01    1.0214370000000000E-02    2.3169245820224724E+01    5.8525040000000000E-02
  2.3326325452904214E+01    1.0082990000000000E-02    2.3326325452904214E+01    5.8157180000000003E-02
  2.3483405085583705E+01    9.9540900000000005E-03    2.3483405085583705E+01    5.7793760000000000E-02
  2.3640484718263192E+01    9.8276100000000005E-03    2.3640484718263192E+01    5.7434699999999998E-02
  2.3797564350942682E+01    9.7034900000000004E-03    2.3797564350942682E+01    5.7079909999999998E-02
  2.3954643983622173E+01    9.5816800000000004E-03    2.3954643983622173E+01    5.6729330000000001E-02
  2.4111723616301663E+01    9.4621199999999992E-03    2.4111723616301663E+01    5.6382889999999998E-02
  2.4268803248981150E+01    9.3447600000000006E-03    2.4268803248981150E+01    5.6040510000000002E-02
  2.4425882881660641E+01    9.2295299999999997E-03    2.4425882881660641E+01    5.5702130000000002E-02
  2.4582962514340132E+01    9.1164000000000002E-03    2.4582962514340132E+01    5.5367689999999997E-02
  2.4740042147019622E+01    9.0053100000000007E-03    2.4740042147019622E+01    5.5037099999999999E-02
  2.4897121779699109E+01    8.8962099999999999E-03    2.4897121779699109E+01    5.4710320000000000E-02
  2.5054201412378600E+01    8.7890599999999996E-03    2.5054201412378600E+01    5.4387280000000003E-02
  2.5211281045058090E+01    8.6838100000000001E-03    2.5211281045058090E+01    5.4067909999999997E-02
  2.5368360677737581E+01    8.5804200000000001E-03    2.5368360677737581E+01    5.3752160000000000E-02
  2.5525440310417068E+01    8.4788399999999996E-03    2.5525440310417068E+01    5.3439960000000002E-02
  2.5682519943096558E+01    8.3790400000000008E-03    2.5682519943096558E+01    5.3131270000000001E-02
  2.5839599575776049E+01    8.2809600000000004E-03    2.5839599575776049E+01    5.2826010000000000E-02
  2.5996679208455539E+01    8.1845800000000003E-03    2.5996679208455539E+01    5.2524149999999999E-02
  2.6153758841135026E+01    8.0898600000000008E-03    2.6153758841135026E+01    5.2225609999999999E-02
  2.6310838473814517E+01    7.9967400000000004E-03    2.6310838473814517E+01    5.1930360000000002E-02
  2.6467918106494007E+01    7.9052299999999992E-03    2.6467918106494007E+01    5.1638330000000003E-02
  2.6624997739173498E+01    7.8152399999999993E-03    2.6624997739173498E+01    5.1349480000000003E-02
  2.6782077371852985E+01    7.7267700000000000E-03    2.6782077371852985E+01    5.1063749999999998E-02
  2.6939157004532476E+01    7.6397699999999997E-03    2.6939157004532476E+01    5.0781109999999997E-02
  2.7096236637211966E+01    7.5542200000000004E-03    2.7096236637211966E+01    5.0501490000000003E-02
  2.7253316269891457E+01    7.4700900000000004E-03    2.7253316269891457E+01    5.0224850000000001E-02
  2.7410395902570944E+01    7.3873400000000001E-03    2.7410395902570944E+01    4.9951139999999998E-02
  2.7567475535250434E+01    7.3059400000000004E-03    2.7567475535250434E+01    4.9680330000000002E-02
  2.7724555167929925E+01    7.2258699999999997E-03    2.7724555167929925E+01    4.9412369999999997E-02
  2.7881634800609415E+01    7.1470900000000000E-03    2.7881634800609415E+01    4.9147209999999997E-02
  2.8038714433288902E+01    7.0695799999999998E-03    2.8038714433288902E+01    4.8884810000000001E-02
  2.8195794065968393E+01    6.9933199999999999E-03    2.8195794065968393E+01    4.8625130000000003E-02
  2.8352873698647883E+01    6.9182699999999998E-03    2.8352873698647883E+01    4.8368120000000001E-02
  2.8509953331327374E+01    6.8444100000000004E-03    2.8509953331327374E+01    4.8113759999999998E-02
  2.8667032964006861E+01    6.7717100000000002E-03    2.8667032964006861E+01    4.7861990000000000E-02
  2.8824112596686351E+01    6.7001600000000001E-03    2.8824112596686351E+01    4.7612780000000000E-02
  2.8981192229365842E+01    6.6297200000000004E-03    2.8981192229365842E+01    4.7366100000000001E-02
  2.9138271862045332E+01    6.5603800000000002E-03    2.9138271862045332E+01    4.7121900000000001E-02
  2.9295351494724819E+01    6.4921099999999997E-03    2.9295351494724819E+01    4.6880150000000002E-02
  2.9452431127404310E+01    6.4248899999999999E-03    2.9452431127404310E+01    4.6640809999999998E-02
  2.9609510760083801E+01    6.3587100000000001E-03    2.9609510760083801E+01    4.6403840000000002E-02
  2.9766590392763291E+01    6.2935300000000003E-03    2.9766590392763291E+01    4.6169229999999999E-02
  2.9923670025442778E+01    6.2293299999999999E-03    2.9923670025442778E+01    4.5936919999999999E-02
  3.0080749658122269E+01    6.1661099999999998E-03    3.0080749658122269E+01    4.5706879999999998E-02
  3.0237829290801759E+01    6.1038400000000001E-03    3.0237829290801759E+01    4.5479090000000000E-02
  3.0394908923481250E+01    6.0425000000000001E-03    3.0394908923481250E+01    4.5253509999999997E-02
  3.0551988556160737E+01    5.9820699999999999E-03    3.0551988556160737E+01    4.5030120000000000E-02
  3.0709068188840227E+01    5.9225399999999996E-03    3.0709068188840227E+01    4.4808870000000001E-02
  3.0866147821519718E+01    5.8638800000000001E-03    3.0866147821519718E+01    4.4589740000000003E-02
  3.1023227454199208E+01    5.8060799999999999E-03    3.1023227454199208E+01    4.4372700000000001E-02
  3.1180307086878695E+01    5.7491299999999999E-03    3.1180307086878695E+01    4.4157719999999998E-02
  3.1337386719558186E+01    5.6930000000000001E-03    3.1337386719558186E+01    4.3944770000000001E-02
  3.1494466352237676E+01    5.6376899999999999E-03    3.1494466352237676E+01    4.3733830000000001E-02
  3.1651545984917167E+01    5.5831700000000001E-03    3.1651545984917167E+01    4.3524859999999999E-02
  3.1808625617596654E+01    5.5294300000000001E-03    3.1808625617596654E+01    4.3317849999999998E-02
  3.1965705250276145E+01    5.4764599999999998E-03    3.1965705250276145E+01    4.3112749999999998E-02
  3.2122784882955635E+01    5.4242400000000003E-03    3.2122784882955635E+01    4.2909559999999999E-02
  3.2279864515635126E+01    5.3727499999999999E-03    3.2279864515635126E+01    4.2708230000000000E-02
  3.2436944148314616E+01    5.3219900000000004E-03    3.2436944148314616E+01    4.2508749999999998E-02
  3.2594023780994107E+01    5.2719500000000001E-03    3.2594023780994107E+01    4.2311090000000003E-02
  3.2751103413673590E+01    5.2226000000000000E-03    3.2751103413673590E+01    4.2115210000000000E-02
  3.2908183046353081E+01    5.1739300000000002E-03    3.2908183046353081E+01    4.1921119999999999E-02
  3.3065262679032571E+01    5.1259399999999998E-03    3.3065262679032571E+01    4.1728780000000000E-02
  3.3222342311712062E+01    5.0786000000000000E-03    3.3222342311712062E+01    4.1538169999999999E-02
  3.3379421944391552E+01    5.0319199999999996E-03    3.3379421944391552E+01    4.1349249999999997E-02
  3.3536501577071043E+01    4.9858699999999999E-03    3.3536501577071043E+01    4.1162020000000001E-02
  3.3693581209750533E+01    4.9404499999999999E-03    3.3693581209750533E+01    4.0976449999999998E-02
  3.3850660842430024E+01    4.8956399999999997E-03    3.3850660842430024E+01    4.0792509999999997E-02
  3.4007740475109507E+01    4.8514300000000003E-03    3.4007740475109507E+01    4.0610199999999999E-02
  3.4164820107788998E+01    4.8078100000000000E-03    3.4164820107788998E+01    4.0429470000000002E-02
  3.4321899740468488E+01    4.7647799999999997E-03    3.4321899740468488E+01    4.0250319999999999E-02
  3.4478979373147979E+01    4.7223200000000003E-03    3.4478979373147979E+01    4.0072730000000001E-02
  3.4636059005827470E+01    4.6804200000000002E-03    3.4636059005827470E+01    3.9896670000000002E-02
  3.4793138638506960E+01    4.6390700000000003E-03    3.4793138638506960E+01    3.9722130000000001E-02
  3.4950218271186451E+01    4.5982599999999998E-03    3.4950218271186451E+01    3.9549080000000000E-02
  3.5107297903865941E+01    4.5579899999999996E-03    3.5107297903865941E+01    3.9377519999999999E-02
  3.5264377536545425E+01    4.5182299999999998E-03    3.5264377536545425E+01    3.9207409999999998E-02
  3.5421457169224915E+01    4.4790000000000003E-03    3.5421457169224915E+01    3.9038740000000002E-02
  3.5578536801904406E+01    4.4402699999999996E-03    3.5578536801904406E+01    3.8871490000000002E-02
  3.5735616434583896E+01    4.4020300000000004E-03    3.5735616434583896E+01    3.8705650000000001E-02
  3.5892696067263387E+01    4.3642899999999998E-03    3.5892696067263387E+01    3.8541199999999998E-02
  3.6049775699942877E+01    4.3270200000000000E-03    3.6049775699942877E+01    3.8378120000000002E-02
  3.6206855332622368E+01    4.2902299999999999E-03    3.6206855332622368E+01    3.8216390000000003E-02
  3.6363934965301858E+01    4.2538999999999997E-03    3.6363934965301858E+01    3.8056000000000000E-02
  3.6521014597981342E+01    4.2180300000000002E-03    3.6521014597981342E+01    3.7896930000000002E-02
  3.6678094230660832E+01    4.1826099999999998E-03    3.6678094230660832E+01    3.7739160000000001E-02
  3.6835173863340323E+01    4.1476300000000002E-03    3.6835173863340323E+01    3.7582690000000002E-02
  3.6992253496019813E+01    4.1130899999999998E-03    3.6992253496019813E+01    3.7427490000000001E-02
  3.7149333128699304E+01    4.0789800000000003E-03    3.7149333128699304E+01    3.7273550000000003E-02
  3.7306412761378795E+01    4.0452800000000001E-03    3.7306412761378795E+01    3.7120849999999997E-02
  3.7463492394058285E+01    4.0119999999999999E-03    3.7463492394058285E+01    3.6969380000000003E-02
  3.7620572026737776E+01    3.9791200000000001E-03    3.7620572026737776E+01    3.6819119999999997E-02
  3.7777651659417259E+01    3.9466400000000004E-03    3.7777651659417259E+01    3.6670069999999999E-02
  3.7934731292096750E+01    3.9145600000000001E-03    3.7934731292096750E+01    3.6522199999999998E-02
  3.8091810924776240E+01    3.8828600000000001E-03    3.8091810924776240E+01    3.6375499999999998E-02
  3.8248890557455731E+01    3.8515500000000000E-03    3.8248890557455731E+01    3.6229959999999999E-02
  3.8405970190135221E+01    3.8206099999999999E-03    3.8405970190135221E+01    3.6085560000000003E-02
  3.8563049822814712E+01    3.7900400000000002E-03    3.8563049822814712E+01    3.5942300000000003E-02
  3.8720129455494202E+01    3.7598300000000000E-03    3.8720129455494202E+01    3.5800159999999998E-02
  3.8877209088173693E+01    3.7299899999999999E-03    3.8877209088173693E+01    3.5659120000000002E-02
  3.9034288720853176E+01    3.7004899999999999E-03    3.9034288720853176E+01    3.5519170000000003E-02
  3.9191368353532667E+01    3.6713399999999999E-03    3.9191368353532667E+01    3.5380300000000003E-02
  3.9348447986212157E+01    3.6425300000000002E-03    3.9348447986212157E+01    3.5242500000000003E-02
  3.9505527618891648E+01    3.6140600000000001E-03    3.9505527618891648E+01    3.5105760000000000E-02
  3.9662607251571139E+01    3.5859199999999998E-03    3.9662607251571139E+01    3.4970059999999997E-02
  3.9819686884250629E+01    3.5580999999999998E-03    3.9819686884250629E+01    3.4835400000000002E-02
  3.9976766516930120E+01    3.5306100000000000E-03    3.9976766516930120E+01    3.4701750000000003E-02
  4.0133846149609610E+01    3.5034300000000001E-03    4.0133846149609610E+01    3.4569120000000002E-02
  4.0290925782289094E+01    3.4765600000000001E-03    4.0290925782289094E+01    3.4437479999999999E-02
  4.0448005414968584E+01    3.4499999999999999E-03    4.0448005414968584E+01    3.4306830000000003E-02
  4.0605085047648075E+01    3.4237400000000002E-03    4.0605085047648075E+01    3.4177150000000003E-02
  4.0762164680327565E+01    3.3977800000000000E-03    4.0762164680327565E+01    3.4048439999999999E-02
  4.0919244313007056E+01    3.3721100000000002E-03    4.0919244313007056E+01    3.3920690000000003E-02
  4.1076323945686546E+01    3.3467300000000000E-03    4.1076323945686546E+01    3.3793879999999998E-02
  4.1233403578366037E+01    3.3216299999999999E-03    4.1233403578366037E+01    3.3667999999999997E-02
  4.1390483211045527E+01    3.2968199999999998E-03    4.1390483211045527E+01    3.3543049999999998E-02
  4.1547562843725011E+01    3.2722799999999998E-03    4.1547562843725011E+01    3.3419009999999999E-02
  4.1704642476404501E+01    3.2480100000000000E-03    4.1704642476404501E+01    3.3295869999999998E-02
  4.1861722109083992E+01    3.2239999999999999E-03    4.1861722109083992E+01    3.3173630000000003E-02
  4.2018801741763482E+01    3.2002699999999999E-03    4.2018801741763482E+01    3.3052270000000002E-02
  4.2175881374442973E+01    3.1767900000000001E-03    4.2175881374442973E+01    3.2931790000000002E-02
  4.2332961007122464E+01    3.1535700000000001E-03    4.2332961007122464E+01    3.2812170000000002E-02
  4.2490040639801954E+01    3.1305999999999999E-03    4.2490040639801954E+01    3.2693409999999999E-02
  4.2647120272481445E+01    3.1078799999999999E-03    4.2647120272481445E+01    3.2575500000000000E-02
  4.2804199905160928E+01    3.0854099999999998E-03    4.2804199905160928E+01    3.2458420000000002E-02
  4.2961279537840419E+01    3.0631700000000000E-03    4.2961279537840419E+01    3.2342179999999998E-02
  4.3118359170519909E+01    3.0411800000000001E-03    4.3118359170519909E+01    3.2226760000000000E-02
  4.3275438803199400E+01    3.0194200000000001E-03    4.3275438803199400E+01    3.2112149999999999E-02
  4.3432518435878890E+01    2.9978900000000000E-03    4.3432518435878890E+01    3.1998340000000000E-02
  4.3589598068558381E+01    2.9765899999999999E-03    4.3589598068558381E+01    3.1885330000000003E-02
  4.3746677701237871E+01    2.9555200000000001E-03    4.3746677701237871E+01    3.1773099999999999E-02
  4.3903757333917362E+01    2.9346699999999999E-03    4.3903757333917362E+01    3.1661660000000001E-02
  4.4060836966596845E+01    2.9140400000000001E-03    4.4060836966596845E+01    3.1550990000000001E-02
  4.4217916599276336E+01    2.8936200000000000E-03    4.4217916599276336E+01    3.1441080000000003E-02
  4.4374996231955826E+01    2.8734199999999998E-03    4.4374996231955826E+01    3.1331919999999999E-02
  4.4532075864635317E+01    2.8534200000000002E-03    4.4532075864635317E+01    3.1223520000000001E-02
  4.4689155497314808E+01    2.8336400000000001E-03    4.4689155497314808E+01    3.1115850000000000E-02
  4.4846235129994298E+01    2.8140499999999998E-03    4.4846235129994298E+01    3.1008919999999999E-02
  4.5003314762673789E+01    2.7946700000000000E-03    4.5003314762673789E+01    3.0902710000000000E-02
  4.5160394395353279E+01    2.7754899999999998E-03    4.5160394395353279E+01    3.0797220000000000E-02
  4.5317474028032763E+01    2.7565100000000002E-03    4.5317474028032763E+01    3.0692440000000001E-02
  4.5474553660712253E+01    2.7377100000000000E-03    4.5474553660712253E+01    3.0588370000000000E-02
  4.5631633293391744E+01    2.7191099999999998E-03    4.5631633293391744E+01    3.0484990000000000E-02
  4.5788712926071234E+01    2.7006999999999999E-03    4.5788712926071234E+01    3.0382300000000001E-02
  4.5945792558750725E+01    2.6824700000000002E-03    4.5945792558750725E+01    3.0280300000000000E-02
  4.6102872191430215E+01    2.6644300000000002E-03    4.6102872191430215E+01    3.0178969999999999E-02
  4.6259951824109706E+01    2.6465600000000001E-03    4.6259951824109706E+01    3.0078310000000000E-02
  4.6417031456789196E+01    2.6288800000000001E-03    4.6417031456789196E+01    2.9978310000000001E-02
  4.6574111089468680E+01    2.6113700000000000E-03    4.6574111089468680E+01    2.9878979999999999E-02
  4.6731190722148170E+01    2.5940300000000002E-03    4.6731190722148170E+01    2.9780290000000001E-02
  4.6888270354827661E+01    2.5768700000000002E-03    4.6888270354827661E+01    2.9682239999999999E-02
  4.7045349987507151E+01    2.5598700000000001E-03    4.7045349987507151E+01    2.9584840000000001E-02
  4.7202429620186642E+01    2.5430399999999999E-03    4.7202429620186642E+01    2.9488060000000000E-02
  4.7359509252866133E+01    2.5263799999999999E-03    4.7359509252866133E+01    2.9391910000000000E-02
  4.7516588885545623E+01    2.5098799999999999E-03    4.7516588885545623E+01    2.9296389999999999E-02
  4.7673668518225114E+01    2.4935399999999998E-03    4.7673668518225114E+01    2.9201470000000000E-02
  4.7830748150904597E+01    2.4773600000000001E-03    4.7830748150904597E+01    2.9107149999999998E-02
  4.7987827783584088E+01    2.4613299999999999E-03    4.7987827783584088E+01    2.9013450000000000E-02
  4.8144907416263578E+01    2.4454600000000000E-03    4.8144907416263578E+01    2.8920339999999999E-02
  4.8301987048943069E+01    2.4297500000000001E-03    4.8301987048943069E+01    2.8827820000000001E-02
  4.8459066681622559E+01    2.4141800000000001E-03    4.8459066681622559E+01    2.8735890000000000E-02
  4.8616146314302050E+01    2.3987600000000002E-03    4.8616146314302050E+01    2.8644530000000001E-02
  4.8773225946981540E+01    2.3834899999999998E-03    4.8773225946981540E+01    2.8553749999999999E-02
  4.8930305579661031E+01    2.3683699999999999E-03    4.8930305579661031E+01    2.8463539999999999E-02
  4.9087385212340514E+01    2.3533899999999999E-03    4.9087385212340514E+01    2.8373900000000001E-02
  4.9244464845020005E+01    2.3385400000000001E-03    4.9244464845020005E+01    2.8284810000000001E-02
  4.9401544477699495E+01    2.3238400000000002E-03    4.9401544477699495E+01    2.8196269999999999E-02
  4.9558624110378986E+01    2.3092700000000000E-03    4.9558624110378986E+01    2.8108290000000001E-02
  4.9715703743058477E+01    2.2948500000000002E-03    4.9715703743058477E+01    2.8020840000000002E-02
  4.9872783375737967E+01    2.2805500000000001E-03    4.9872783375737967E+01    2.7933940000000001E-02
  5.0029863008417458E+01    2.2663900000000001E-03    5.0029863008417458E+01    2.7847569999999999E-02
  5.0186942641096948E+01    2.2523600000000001E-03    5.0186942641096948E+01    2.7761720000000000E-02
  5.0344022273776432E+01    2.2384599999999998E-03    5.0344022273776432E+01    2.7676400000000000E-02
  5.0501101906455922E+01    2.2246800000000001E-03    5.0501101906455922E+01    2.7591600000000001E-02
  5.0658181539135413E+01    2.2110300000000001E-03    5.0658181539135413E+01    2.7507310000000000E-02
  5.0815261171814903E+01    2.1975100000000002E-03    5.0815261171814903E+01    2.7423540000000000E-02
  5.0972340804494394E+01    2.1841100000000000E-03    5.0972340804494394E+01    2.7340260000000002E-02
  5.1129420437173884E+01    2.1708299999999999E-03    5.1129420437173884E+01    2.7257489999999999E-02
  5.1286500069853375E+01    2.1576799999999999E-03    5.1286500069853375E+01    2.7175210000000002E-02
  5.1443579702532865E+01    2.1446400000000002E-03    5.1443579702532865E+01    2.7093430000000002E-02
  5.1600659335212349E+01    2.1317200000000001E-03    5.1600659335212349E+01    2.7012129999999999E-02
  5.1757738967891839E+01    2.1189099999999999E-03    5.1757738967891839E+01    2.6931320000000002E-02
  5.1914818600571330E+01    2.1062199999999998E-03    5.1914818600571330E+01    2.6850980000000000E-02
  5.2071898233250820E+01    2.0936499999999999E-03    5.2071898233250820E+01    2.6771119999999999E-02
  5.2228977865930311E+01    2.0811800000000002E-03    5.2228977865930311E+01    2.6691730000000000E-02
  5.2386057498609802E+01    2.0688299999999998E-03    5.2386057498609802E+01    2.6612810000000001E-02
  5.2543137131289292E+01    2.0565800000000001E-03    5.2543137131289292E+01    2.6534340000000000E-02
  5.2700216763968783E+01    2.0444500000000002E-03    5.2700216763968783E+01    2.6456339999999998E-02
  5.2857296396648266E+01    2.0324200000000001E-03    5.2857296396648266E+01    2.6378789999999999E-02
  5.3014376029327757E+01    2.0204899999999998E-03    5.3014376029327757E+01    2.6301689999999999E-02
  5.3171455662007247E+01    2.0086700000000002E-03    5.3171455662007247E+01    2.6225030000000000E-02
  5.3328535294686738E+01    1.9969599999999999E-03    5.3328535294686738E+01    2.6148820000000000E-02
  5.3485614927366228E+01    1.9853399999999999E-03    5.3485614927366228E+01    2.6073050000000000E-02
  5.3642694560045719E+01    1.9738300000000002E-03    5.3642694560045719E+01    2.5997710000000000E-02
  5.3799774192725209E+01    1.9624099999999999E-03    5.3799774192725209E+01    2.5922799999999999E-02
  5.3956853825404700E+01    1.9511000000000001E-03    5.3956853825404700E+01    2.5848320000000001E-02
  5.4113933458084183E+01    1.9398799999999999E-03    5.4113933458084183E+01    2.5774269999999998E-02
  5.4271013090763674E+01    1.9287499999999999E-03    5.4271013090763674E+01    2.5700629999999999E-02
  5.4428092723443164E+01    1.9177300000000001E-03    5.4428092723443164E+01    2.5627420000000001E-02
  5.4585172356122655E+01    1.9067900000000000E-03    5.4585172356122655E+01    2.5554609999999998E-02
  5.4742251988802145E+01    1.8959500000000000E-03    5.4742251988802145E+01    2.5482220000000000E-02
  5.4899331621481636E+01    1.8852100000000000E-03    5.4899331621481636E+01    2.5410229999999999E-02
  5.5056411254161127E+01    1.8745500000000000E-03    5.5056411254161127E+01    2.5338639999999999E-02
  5.5213490886840617E+01    1.8639800000000001E-03    5.5213490886840617E+01    2.5267459999999999E-02
  5.5370570519520101E+01    1.8534999999999999E-03    5.5370570519520101E+01    2.5196670000000001E-02
  5.5527650152199591E+01    1.8431100000000000E-03    5.5527650152199591E+01    2.5126269999999999E-02
  5.5684729784879082E+01    1.8328100000000000E-03    5.5684729784879082E+01    2.5056269999999999E-02
  5.5841809417558572E+01    1.8225900000000000E-03    5.5841809417558572E+01    2.4986649999999999E-02
  5.5998889050238063E+01    1.8124599999999999E-03    5.5998889050238063E+01    2.4917410000000001E-02
  5.6155968682917553E+01    1.8024099999999999E-03    5.6155968682917553E+01    2.4848550000000000E-02
  5.6313048315597044E+01    1.7924400000000000E-03    5.6313048315597044E+01    2.4780070000000001E-02
  5.6470127948276534E+01    1.7825600000000001E-03    5.6470127948276534E+01    2.4711970000000000E-02
  5.6627207580956018E+01    1.7727600000000000E-03    5.6627207580956018E+01    2.4644230000000000E-02
  5.6784287213635508E+01    1.7630300000000001E-03    5.6784287213635508E+01    2.4576870000000001E-02
  5.6941366846314999E+01    1.7533900000000001E-03    5.6941366846314999E+01    2.4509870000000000E-02
  5.7098446478994489E+01    1.7438300000000000E-03    5.7098446478994489E+01    2.4443230000000000E-02
  5.7255526111673980E+01    1.7343400000000000E-03    5.7255526111673980E+01    2.4376950000000001E-02
  5.7412605744353471E+01    1.7249300000000000E-03    5.7412605744353471E+01    2.4311030000000001E-02
  5.7569685377032961E+01    1.7156000000000001E-03    5.7569685377032961E+01    2.4245460000000000E-02
  5.7726765009712452E+01    1.7063400000000000E-03    5.7726765009712452E+01    2.4180239999999999E-02
  5.7883844642391935E+01    1.6971600000000001E-03    5.7883844642391935E+01    2.4115370000000001E-02
  5.8040924275071426E+01    1.6880500000000000E-03    5.8040924275071426E+01    2.4050840000000000E-02
  5.8198003907750916E+01    1.6790200000000000E-03    5.8198003907750916E+01    2.3986660000000000E-02
  5.8355083540430407E+01    1.6700500000000000E-03    5.8355083540430407E+01    2.3922820000000001E-02
  5.8512163173109897E+01    1.6611600000000001E-03    5.8512163173109897E+01    2.3859310000000002E-02
  5.8669242805789388E+01    1.6523400000000000E-03    5.8669242805789388E+01    2.3796140000000000E-02
  5.8826322438468878E+01    1.6435899999999999E-03    5.8826322438468878E+01    2.3733299999999999E-02
  5.8983402071148369E+01    1.6348999999999999E-03    5.8983402071148369E+01    2.3670790000000001E-02
  5.9140481703827852E+01    1.6262900000000001E-03    5.9140481703827852E+01    2.3608600000000000E-02
  5.9297561336507343E+01    1.6177400000000001E-03    5.9297561336507343E+01    2.3546740000000000E-02
  5.9454640969186833E+01    1.6092599999999999E-03    5.9454640969186833E+01    2.3485200000000001E-02
  5.9611720601866324E+01    1.6008500000000000E-03    5.9611720601866324E+01    2.3423980000000000E-02
  5.9768800234545814E+01    1.5924999999999999E-03    5.9768800234545814E+01    2.3363080000000001E-02
  5.9925879867225305E+01    1.5842199999999999E-03    5.9925879867225305E+01    2.3302489999999999E-02
  6.0082959499904796E+01    1.5759999999999999E-03    6.0082959499904796E+01    2.3242209999999999E-02
  6.0240039132584286E+01    1.5678500000000000E-03    6.0240039132584286E+01    2.3182250000000001E-02
  6.0397118765263770E+01    1.5597600000000001E-03    6.0397118765263770E+01    2.3122589999999998E-02
  6.0554198397943260E+01    1.5517300000000001E-03    6.0554198397943260E+01    2.3063230000000001E-02
  6.0711278030622751E+01    1.5437599999999999E-03    6.0711278030622751E+01    2.3004179999999999E-02
  6.0868357663302241E+01    1.5358600000000000E-03    6.0868357663302241E+01    2.2945420000000001E-02
  6.1025437295981732E+01    1.5280100000000000E-03    6.1025437295981732E+01    2.2886970000000000E-02
  6.1182516928661222E+01    1.5202200000000001E-03    6.1182516928661222E+01    2.2828810000000001E-02
  6.1339596561340713E+01    1.5125000000000000E-03    6.1339596561340713E+01    2.2770940000000000E-02
  6.1496676194020203E+01    1.5048300000000000E-03    6.1496676194020203E+01    2.2713359999999998E-02
  6.1653755826699687E+01    1.4972200000000001E-03    6.1653755826699687E+01    2.2656079999999999E-02
  6.1810835459379177E+01    1.4896700000000000E-03    6.1810835459379177E+01    2.2599080000000001E-02
  6.1967915092058668E+01    1.4821700000000001E-03    6.1967915092058668E+01    2.2542360000000001E-02
  6.2124994724738158E+01    1.4747300000000001E-03    6.2124994724738158E+01    2.2485930000000001E-02
  6.2282074357417649E+01    1.4673500000000001E-03    6.2282074357417649E+01    2.2429770000000002E-02
  6.2439153990097140E+01    1.4600200000000000E-03    6.2439153990097140E+01    2.2373899999999999E-02
  6.2596233622776630E+01    1.4527400000000001E-03    6.2596233622776630E+01    2.2318299999999999E-02
  6.2753313255456121E+01    1.4455300000000000E-03    6.2753313255456121E+01    2.2262980000000002E-02
  6.2910392888135604E+01    1.4383600000000001E-03    6.2910392888135604E+01    2.2207930000000001E-02
  6.3067472520815095E+01    1.4312500000000000E-03    6.3067472520815095E+01    2.2153150000000000E-02
  6.3224552153494585E+01    1.4241900000000001E-03    6.3224552153494585E+01    2.2098630000000001E-02
  6.3381631786174076E+01    1.4171800000000001E-03    6.3381631786174076E+01    2.2044390000000001E-02
  6.3538711418853566E+01    1.4102200000000000E-03    6.3538711418853566E+01    2.1990409999999998E-02
  6.3695791051533057E+01    1.4033100000000001E-03    6.3695791051533057E+01    2.1936689999999998E-02
  6.3852870684212547E+01    1.3964600000000000E-03    6.3852870684212547E+01    2.1883230000000000E-02
  6.4009950316892031E+01    1.3896500000000001E-03    6.4009950316892031E+01    2.1830030000000000E-02
  6.4167029949571528E+01    1.3829000000000001E-03    6.4167029949571528E+01    2.1777080000000001E-02
  6.4324109582251012E+01    1.3761900000000000E-03    6.4324109582251012E+01    2.1724400000000001E-02
  6.4481189214930509E+01    1.3695300000000001E-03    6.4481189214930509E+01    2.1671960000000001E-02
  6.4638268847609993E+01    1.3629200000000001E-03    6.4638268847609993E+01    2.1619780000000002E-02
  6.4795348480289476E+01    1.3563600000000000E-03    6.4795348480289476E+01    2.1567840000000001E-02
  6.4952428112968974E+01    1.3498399999999999E-03    6.4952428112968974E+01    2.1516159999999999E-02
  6.5109507745648457E+01    1.3433700000000000E-03    6.5109507745648457E+01    2.1464720000000000E-02
  6.5266587378327955E+01    1.3369499999999999E-03    6.5266587378327955E+01    2.1413519999999998E-02
  6.5423667011007439E+01    1.3305800000000000E-03    6.5423667011007439E+01    2.1362570000000001E-02
  6.5580746643686936E+01    1.3242499999999999E-03    6.5580746643686936E+01    2.1311850000000000E-02
  6.5737826276366420E+01    1.3179600000000000E-03    6.5737826276366420E+01    2.1261380000000000E-02
  6.5894905909045917E+01    1.3117199999999999E-03    6.5894905909045917E+01    2.1211140000000000E-02
  6.6051985541725401E+01    1.3055199999999999E-03    6.6051985541725401E+01    2.1161139999999998E-02
  6.6209065174404884E+01    1.2993700000000000E-03    6.6209065174404884E+01    2.1111379999999999E-02
  6.6366144807084382E+01    1.2932600000000001E-03    6.6366144807084382E+01    2.1061839999999998E-02
  6.6523224439763865E+01    1.2871899999999999E-03    6.6523224439763865E+01    2.1012540000000000E-02
  6.6680304072443363E+01    1.2811599999999999E-03    6.6680304072443363E+01    2.0963470000000001E-02
  6.6837383705122846E+01    1.2751800000000001E-03    6.6837383705122846E+01    2.0914619999999998E-02
  6.6994463337802344E+01    1.2692400000000000E-03    6.6994463337802344E+01    2.0865999999999999E-02
  6.7151542970481827E+01    1.2633399999999999E-03    6.7151542970481827E+01    2.0817599999999999E-02
  6.7308622603161311E+01    1.2574800000000001E-03    6.7308622603161311E+01    2.0769429999999998E-02
  6.7465702235840808E+01    1.2516599999999999E-03    6.7465702235840808E+01    2.0721480000000000E-02
  6.7622781868520292E+01    1.2458899999999999E-03    6.7622781868520292E+01    2.0673750000000001E-02
  6.7779861501199790E+01    1.2401500000000000E-03    6.7779861501199790E+01    2.0626240000000001E-02
  6.7936941133879273E+01    1.2344500000000000E-03    6.7936941133879273E+01    2.0578940000000000E-02
  6.8094020766558771E+01    1.2287900000000000E-03    6.8094020766558771E+01    2.0531859999999999E-02
  6.8251100399238254E+01    1.2231700000000000E-03    6.8251100399238254E+01    2.0485000000000000E-02
  6.8408180031917752E+01    1.2175899999999999E-03    6.8408180031917752E+01    2.0438339999999999E-02
  6.8565259664597235E+01    1.2120399999999999E-03    6.8565259664597235E+01    2.0391900000000001E-02
  6.8722339297276719E+01    1.2065400000000001E-03    6.8722339297276719E+01    2.0345670000000000E-02
  6.8879418929956216E+01    1.2010700000000000E-03    6.8879418929956216E+01    2.0299640000000001E-02
  6.9036498562635700E+01    1.1956400000000000E-03    6.9036498562635700E+01    2.0253830000000000E-02
  6.9193578195315197E+01    1.1902400000000000E-03    6.9193578195315197E+01    2.0208219999999999E-02
  6.9350657827994681E+01    1.1848799999999999E-03    6.9350657827994681E+01    2.0162810000000000E-02
  6.9507737460674178E+01    1.1795600000000001E-03    6.9507737460674178E+01    2.0117599999999999E-02
  6.9664817093353662E+01    1.1742700000000000E-03    6.9664817093353662E+01    2.0072599999999999E-02
  6.9821896726033145E+01    1.1690200000000000E-03    6.9821896726033145E+01    2.0027799999999998E-02
  6.9978976358712643E+01    1.1638000000000000E-03    6.9978976358712643E+01    1.9983190000000001E-02
  7.0136055991392126E+01    1.1586200000000000E-03    7.0136055991392126E+01    1.9938790000000001E-02
  7.0293135624071624E+01    1.1534700000000000E-03    7.0293135624071624E+01    1.9894579999999999E-02
  7.0450215256751108E+01    1.1483600000000000E-03    7.0450215256751108E+01    1.9850560000000000E-02
  7.0607294889430605E+01    1.1432800000000000E-03    7.0607294889430605E+01    1.9806740000000000E-02
  7.0764374522110089E+01    1.1382400000000000E-03    7.0764374522110089E+01    1.9763110000000000E-02
  7.0921454154789586E+01    1.1332200000000001E-03    7.0921454154789586E+01    1.9719670000000002E-02
  7.1078533787469070E+01    1.1282400000000000E-03    7.1078533787469070E+01    1.9676420000000000E-02
  7.1235613420148553E+01    1.1233000000000000E-03    7.1235613420148553E+01    1.9633359999999999E-02
  7.1392693052828051E+01    1.1183800000000000E-03    7.1392693052828051E+01    1.9590480000000000E-02
  7.1549772685507534E+01    1.1134999999999999E-03    7.1549772685507534E+01    1.9547800000000001E-02
  7.1706852318187032E+01    1.1086500000000001E-03    7.1706852318187032E+01    1.9505300000000000E-02
  7.1863931950866515E+01    1.1038300000000001E-03    7.1863931950866515E+01    1.9462980000000001E-02
  7.2021011583546013E+01    1.0990399999999999E-03    7.2021011583546013E+01    1.9420840000000002E-02
  7.2178091216225496E+01    1.0942899999999999E-03    7.2178091216225496E+01    1.9378889999999999E-02
  7.2335170848904980E+01    1.0895600000000001E-03    7.2335170848904980E+01    1.9337110000000001E-02
  7.2492250481584477E+01    1.0848699999999999E-03    7.2492250481584477E+01    1.9295520000000000E-02
  7.2649330114263961E+01    1.0801999999999999E-03    7.2649330114263961E+01    1.9254100000000000E-02
  7.2806409746943459E+01    1.0755700000000001E-03    7.2806409746943459E+01    1.9212859999999998E-02
  7.2963489379622942E+01    1.0709599999999999E-03    7.2963489379622942E+01    1.9171790000000001E-02
  7.3120569012302440E+01    1.0663800000000000E-03    7.3120569012302440E+01    1.9130899999999999E-02
  7.3277648644981923E+01    1.0618400000000001E-03    7.3277648644981923E+01    1.9090190000000000E-02
  7.3434728277661421E+01    1.0573200000000000E-03    7.3434728277661421E+01    1.9049640000000000E-02
  7.3591807910340904E+01    1.0528300000000000E-03    7.3591807910340904E+01    1.9009270000000002E-02
  7.3748887543020388E+01    1.0483700000000001E-03    7.3748887543020388E+01    1.8969070000000001E-02
  7.3905967175699885E+01    1.0439399999999999E-03    7.3905967175699885E+01    1.8929029999999999E-02
  7.4063046808379369E+01    1.0395300000000001E-03    7.4063046808379369E+01    1.8889170000000000E-02
  7.4220126441058866E+01    1.0351600000000000E-03    7.4220126441058866E+01    1.8849470000000000E-02
  7.4377206073738350E+01    1.0308100000000001E-03    7.4377206073738350E+01    1.8809929999999999E-02
  7.4534285706417847E+01    1.0264899999999999E-03    7.4534285706417847E+01    1.8770570000000000E-02
  7.4691365339097331E+01    1.0221900000000001E-03    7.4691365339097331E+01    1.8731359999999999E-02
  7.4848444971776814E+01    1.0179300000000000E-03    7.4848444971776814E+01    1.8692319999999998E-02
  7.5005524604456312E+01    1.0136800000000001E-03    7.5005524604456312E+01    1.8653440000000000E-02
  7.5162604237135795E+01    1.0094699999999999E-03    7.5162604237135795E+01    1.8614720000000001E-02
  7.5319683869815293E+01    1.0052800000000001E-03    7.5319683869815293E+01    1.8576160000000001E-02
  7.5476763502494777E+01    1.0011200000000001E-03    7.5476763502494777E+01    1.8537760000000000E-02
  7.5633843135174274E+01    9.9697999999999996E-04    7.5633843135174274E+01    1.8499519999999998E-02
  7.5790922767853758E+01    9.9287000000000008E-04    7.5790922767853758E+01    1.8461430000000001E-02
  7.5948002400533255E+01    9.8879000000000002E-04    7.5948002400533255E+01    1.8423510000000001E-02
  7.6105082033212739E+01    9.8471999999999991E-04    7.6105082033212739E+01    1.8385729999999999E-02
  7.6262161665892222E+01    9.8068999999999999E-04    7.6262161665892222E+01    1.8348110000000001E-02
  7.6419241298571720E+01    9.7667999999999995E-04    7.6419241298571720E+01    1.8310640000000000E-02
  7.6576320931251203E+01    9.7269000000000001E-04    7.6576320931251203E+01    1.8273330000000001E-02
  7.6733400563930701E+01    9.6873000000000000E-04    7.6733400563930701E+01    1.8236169999999999E-02
  7.6890480196610184E+01    9.6478999999999998E-04    7.6890480196610184E+01    1.8199150000000001E-02
  7.7047559829289682E+01    9.6088000000000000E-04    7.7047559829289682E+01    1.8162290000000001E-02
  7.7204639461969165E+01    9.5699000000000001E-04    7.7204639461969165E+01    1.8125570000000001E-02
  7.7361719094648649E+01    9.5312000000000001E-04    7.7361719094648649E+01    1.8089009999999999E-02
  7.7518798727328146E+01    9.4928000000000005E-04    7.7518798727328146E+01    1.8052579999999999E-02
  7.7675878360007630E+01    9.4545999999999996E-04    7.7675878360007630E+01    1.8016310000000001E-02
  7.7832957992687128E+01    9.4165999999999998E-04    7.7832957992687128E+01    1.7980179999999998E-02
  7.7990037625366611E+01    9.3787999999999999E-04    7.7990037625366611E+01    1.7944189999999999E-02
  7.8147117258046109E+01    9.3413000000000003E-04    7.8147117258046109E+01    1.7908350000000000E-02
  7.8304196890725592E+01    9.3039999999999996E-04    7.8304196890725592E+01    1.7872650000000000E-02
  7.8461276523405090E+01    9.2670000000000003E-04    7.8461276523405090E+01    1.7837090000000000E-02
  7.8618356156084573E+01    9.2301000000000004E-04    7.8618356156084573E+01    1.7801680000000000E-02
  7.8775435788764057E+01    9.1934999999999998E-04    7.8775435788764057E+01    1.7766400000000002E-02
  7.8932515421443554E+01    9.1571000000000003E-04    7.8932515421443554E+01    1.7731259999999999E-02
  7.9089595054123038E+01    9.1208999999999995E-04    7.9089595054123038E+01    1.7696259999999998E-02
  7.9246674686802535E+01    9.0848999999999997E-04    7.9246674686802535E+01    1.7661400000000001E-02
  7.9403754319482019E+01    9.0490999999999998E-04    7.9403754319482019E+01    1.7626670000000001E-02
  7.9560833952161516E+01    9.0134999999999998E-04    7.9560833952161516E+01    1.7592080000000000E-02
  7.9717913584841000E+01    8.9782000000000002E-04    7.9717913584841000E+01    1.7557630000000001E-02
  7.9874993217520483E+01    8.9431000000000005E-04    7.9874993217520483E+01    1.7523299999999999E-02
  8.0032072850199981E+01    8.9081000000000002E-04    8.0032072850199981E+01    1.7489120000000000E-02
  8.0189152482879464E+01    8.8734000000000003E-04    8.0189152482879464E+01    1.7455060000000001E-02
  8.0346232115558962E+01    8.8387999999999997E-04    8.0346232115558962E+01    1.7421140000000002E-02
  8.0503311748238445E+01    8.8044999999999996E-04    8.0503311748238445E+01    1.7387349999999999E-02
  8.0660391380917943E+01    8.7704000000000005E-04    8.0660391380917943E+01    1.7353690000000001E-02
  8.0817471013597427E+01    8.7363999999999996E-04    8.0817471013597427E+01    1.7320160000000001E-02
  8.0974550646276924E+01    8.7027000000000003E-04    8.0974550646276924E+01    1.7286750000000000E-02
  8.1131630278956408E+01    8.6691999999999997E-04    8.1131630278956408E+01    1.7253480000000002E-02
  8.1288709911635891E+01    8.6357999999999997E-04    8.1288709911635891E+01    1.7220329999999999E-02
  8.1445789544315389E+01    8.6027000000000000E-04    8.1445789544315389E+01    1.7187310000000001E-02
  8.1602869176994872E+01    8.5696999999999998E-04    8.1602869176994872E+01    1.7154420000000000E-02
  8.1759948809674370E+01    8.5369000000000005E-04    8.1759948809674370E+01    1.7121649999999999E-02
  8.1917028442353853E+01    8.5043000000000000E-04    8.1917028442353853E+01    1.7089010000000002E-02
  8.2074108075033351E+01    8.4719000000000005E-04    8.2074108075033351E+01    1.7056490000000001E-02
  8.2231187707712834E+01    8.4396999999999998E-04    8.2231187707712834E+01    1.7024089999999999E-02
  8.2388267340392318E+01    8.4075999999999997E-04    8.2388267340392318E+01    1.6991820000000001E-02
  8.2545346973071815E+01    8.3757999999999999E-04    8.2545346973071815E+01    1.6959660000000001E-02
  8.2702426605751299E+01    8.3440999999999995E-04    8.2702426605751299E+01    1.6927629999999999E-02
  8.2859506238430797E+01    8.3126000000000001E-04    8.2859506238430797E+01    1.6895719999999999E-02
  8.3016585871110280E+01    8.2812999999999995E-04    8.3016585871110280E+01    1.6863929999999999E-02
  8.3173665503789778E+01    8.2501999999999999E-04    8.3173665503789778E+01    1.6832260000000002E-02
  8.3330745136469261E+01    8.2191999999999996E-04    8.3330745136469261E+01    1.6800699999999998E-02
  8.3487824769148759E+01    8.1884000000000004E-04    8.3487824769148759E+01    1.6769269999999999E-02
  8.3644904401828242E+01    8.1578000000000000E-04    8.3644904401828242E+01    1.6737950000000001E-02
  8.3801984034507726E+01    8.1273000000000001E-04    8.3801984034507726E+01    1.6706749999999999E-02
  8.3959063667187223E+01    8.0970000000000000E-04    8.3959063667187223E+01    1.6675659999999998E-02
  8.4116143299866707E+01    8.0668999999999999E-04    8.4116143299866707E+01    1.6644690000000000E-02
  8.4273222932546204E+01    8.0369999999999997E-04    8.4273222932546204E+01    1.6613830000000000E-02
  8.4430302565225688E+01    8.0071999999999999E-04    8.4430302565225688E+01    1.6583090000000002E-02
  8.4587382197905185E+01    7.9776000000000001E-04    8.4587382197905185E+01    1.6552460000000001E-02
  8.4744461830584669E+01    7.9482000000000001E-04    8.4744461830584669E+01    1.6521939999999999E-02
  8.4901541463264152E+01    7.9188999999999996E-04    8.4901541463264152E+01    1.6491539999999999E-02
  8.5058621095943650E+01    7.8896999999999995E-04    8.5058621095943650E+01    1.6461239999999999E-02
  8.5215700728623133E+01    7.8607999999999998E-04    8.5215700728623133E+01    1.6431060000000001E-02
  8.5372780361302631E+01    7.8319999999999996E-04    8.5372780361302631E+01    1.6400990000000001E-02
  8.5529859993982114E+01    7.8032999999999998E-04    8.5529859993982114E+01    1.6371020000000000E-02
  8.5686939626661612E+01    7.7747999999999999E-04    8.5686939626661612E+01    1.6341169999999999E-02
  8.5844019259341096E+01    7.7464999999999999E-04    8.5844019259341096E+01    1.6311420000000000E-02
  8.6001098892020593E+01    7.7183000000000004E-04    8.6001098892020593E+01    1.6281779999999999E-02
  8.6158178524700077E+01    7.6902999999999997E-04    8.6158178524700077E+01    1.6252249999999999E-02
  8.6315258157379560E+01    7.6625000000000000E-04    8.6315258157379560E+01    1.6222830000000001E-02
  8.6472337790059058E+01    7.6347999999999997E-04    8.6472337790059058E+01    1.6193510000000001E-02
  8.6629417422738541E+01    7.6071999999999999E-04    8.6629417422738541E+01    1.6164300000000000E-02
  8.6786497055418039E+01    7.5798000000000000E-04    8.6786497055418039E+01    1.6135190000000001E-02
  8.6943576688097522E+01    7.5524999999999995E-04    8.6943576688097522E+01    1.6106189999999999E-02
  8.7100656320777020E+01    7.5254000000000000E-04    8.7100656320777020E+01    1.6077290000000001E-02
  8.7257735953456503E+01    7.4983999999999999E-04    8.7257735953456503E+01    1.6048489999999999E-02
  8.7414815586135987E+01    7.4715999999999997E-04    8.7414815586135987E+01    1.6019800000000001E-02
  8.7571895218815484E+01    7.4449000000000000E-04    8.7571895218815484E+01    1.5991209999999999E-02
  8.7728974851494968E+01    7.4182999999999996E-04    8.7728974851494968E+01    1.5962720000000000E-02
  8.7886054484174466E+01    7.3919000000000003E-04    8.7886054484174466E+01    1.5934330000000000E-02
  8.8043134116853949E+01    7.3656000000000004E-04    8.8043134116853949E+01    1.5906040000000000E-02
  8.8200213749533447E+01    7.3395000000000003E-04    8.8200213749533447E+01    1.5877849999999999E-02
  8.8357293382212930E+01    7.3134999999999997E-04    8.8357293382212930E+01    1.5849760000000001E-02
  8.8514373014892428E+01    7.2877000000000000E-04    8.8514373014892428E+01    1.5821769999999999E-02
  8.8671452647571911E+01    7.2619000000000004E-04    8.8671452647571911E+01    1.5793880000000000E-02
  8.8828532280251395E+01    7.2364000000000000E-04    8.8828532280251395E+01    1.5766090000000000E-02
  8.8985611912930892E+01    7.2108999999999997E-04    8.8985611912930892E+01    1.5738390000000001E-02
  8.9142691545610376E+01    7.1856000000000003E-04    8.9142691545610376E+01    1.5710800000000000E-02
  8.9299771178289873E+01    7.1604000000000004E-04    8.9299771178289873E+01    1.5683289999999999E-02
  8.9456850810969357E+01    7.1354000000000003E-04    8.9456850810969357E+01    1.5655889999999999E-02
  8.9613930443648854E+01    7.1104000000000002E-04    8.9613930443648854E+01    1.5628580000000000E-02
  8.9771010076328338E+01    7.0856999999999995E-04    8.9771010076328338E+01    1.5601360000000000E-02
  8.9928089709007821E+01    7.0609999999999998E-04    8.9928089709007821E+01    1.5574240000000000E-02
  9.0085169341687319E+01    7.0365000000000000E-04    9.0085169341687319E+01    1.5547210000000001E-02
  9.0242248974366802E+01    7.0120999999999996E-04    9.0242248974366802E+01    1.5520269999999999E-02
  9.0399328607046300E+01    6.9877999999999997E-04    9.0399328607046300E+01    1.5493430000000001E-02
  9.0556408239725783E+01    6.9636000000000003E-04    9.0556408239725783E+01    1.5466680000000000E-02
  9.0713487872405281E+01    6.9395999999999998E-04    9.0713487872405281E+01    1.5440030000000000E-02
  9.0870567505084765E+01    6.9156999999999997E-04    9.0870567505084765E+01    1.5413460000000000E-02
  9.1027647137764262E+01    6.8919000000000001E-04    9.1027647137764262E+01    1.5386990000000000E-02
  9.1184726770443746E+01    6.8683000000000004E-04    9.1184726770443746E+01    1.5360600000000000E-02
  9.1341806403123229E+01    6.8446999999999996E-04    9.1341806403123229E+01    1.5334310000000000E-02
  9.1498886035802727E+01    6.8212999999999998E-04    9.1498886035802727E+01    1.5308100000000000E-02
  9.1655965668482210E+01    6.7980000000000004E-04    9.1655965668482210E+01    1.5281990000000001E-02
  9.1813045301161708E+01    6.7748999999999999E-04    9.1813045301161708E+01    1.5255960000000001E-02
  9.1970124933841191E+01    6.7518000000000005E-04    9.1970124933841191E+01    1.5230020000000000E-02
  9.2127204566520689E+01    6.7288999999999999E-04    9.2127204566520689E+01    1.5204169999999999E-02
  9.2284284199200172E+01    6.7060000000000004E-04    9.2284284199200172E+01    1.5178410000000000E-02
  9.2441363831879656E+01    6.6832999999999997E-04    9.2441363831879656E+01    1.5152730000000000E-02
  9.2598443464559153E+01    6.6607000000000005E-04    9.2598443464559153E+01    1.5127150000000001E-02
  9.2755523097238637E+01    6.6383000000000002E-04    9.2755523097238637E+01    1.5101640000000000E-02
  9.2912602729918135E+01    6.6158999999999999E-04    9.2912602729918135E+01    1.5076220000000000E-02
  9.3069682362597618E+01    6.5937000000000005E-04    9.3069682362597618E+01    1.5050890000000001E-02
  9.3226761995277116E+01    6.5715000000000001E-04    9.3226761995277116E+01    1.5025640000000000E-02
  9.3383841627956599E+01    6.5494999999999995E-04    9.3383841627956599E+01    1.5000480000000000E-02
  9.3540921260636097E+01    6.5275999999999995E-04    9.3540921260636097E+01    1.4975400000000000E-02
  9.3698000893315580E+01    6.5058000000000000E-04    9.3698000893315580E+01    1.4950410000000001E-02
  9.3855080525995064E+01    6.4840999999999998E-04    9.3855080525995064E+01    1.4925490000000000E-02
  9.4012160158674561E+01    6.4625000000000001E-04    9.4012160158674561E+01    1.4900660000000000E-02
  9.4169239791354045E+01    6.4409999999999999E-04    9.4169239791354045E+01    1.4875920000000001E-02
  9.4326319424033542E+01    6.4196000000000001E-04    9.4326319424033542E+01    1.4851250000000000E-02
  9.4483399056713026E+01    6.3982999999999998E-04    9.4483399056713026E+01    1.4826670000000000E-02
  9.4640478689392523E+01    6.3772000000000004E-04    9.4640478689392523E+01    1.4802160000000000E-02
  9.4797558322072007E+01    6.3560999999999999E-04    9.4797558322072007E+01    1.4777739999999999E-02
  9.4954637954751490E+01    6.3352000000000005E-04    9.4954637954751490E+01    1.4753400000000000E-02
  9.5111717587430988E+01    6.3142999999999999E-04    9.5111717587430988E+01    1.4729140000000000E-02
  9.5268797220110471E+01    6.2936000000000003E-04    9.5268797220110471E+01    1.4704950000000000E-02
  9.5425876852789969E+01    6.2728999999999997E-04    9.5425876852789969E+01    1.4680850000000000E-02
  9.5582956485469452E+01    6.2524000000000000E-04    9.5582956485469452E+01    1.4656829999999999E-02
  9.5740036118148950E+01    6.2319000000000003E-04    9.5740036118148950E+01    1.4632879999999999E-02
  9.5897115750828434E+01    6.2116000000000005E-04    9.5897115750828434E+01    1.4609010000000000E-02
  9.6054195383507931E+01    6.1912999999999996E-04    9.6054195383507931E+01    1.4585219999999999E-02
  9.6211275016187415E+01    6.1711999999999997E-04    9.6211275016187415E+01    1.4561510000000000E-02
  9.6368354648866898E+01    6.1510999999999998E-04    9.6368354648866898E+01    1.4537870000000000E-02
  9.6525434281546396E+01    6.1311999999999998E-04    9.6525434281546396E+01    1.4514310000000001E-02
  9.6682513914225879E+01    6.1112999999999998E-04    9.6682513914225879E+01    1.4490820000000000E-02
  9.6839593546905377E+01    6.0915999999999997E-04    9.6839593546905377E+01    1.4467410000000000E-02
  9.6996673179584860E+01    6.0718999999999996E-04    9.6996673179584860E+01    1.4444080000000000E-02
  9.7153752812264358E+01    6.0523000000000000E-04    9.7153752812264358E+01    1.4420820000000001E-02
  9.7310832444943841E+01    6.0329000000000003E-04    9.7310832444943841E+01    1.4397640000000000E-02
  9.7467912077623325E+01    6.0134999999999995E-04    9.7467912077623325E+01    1.4374530000000000E-02
  9.7624991710302822E+01    5.9942000000000003E-04    9.7624991710302822E+01    1.4351490000000000E-02
  9.7782071342982306E+01    5.9750000000000005E-04    9.7782071342982306E+01    1.4328530000000001E-02
  9.7939150975661803E+01    5.9559000000000001E-04    9.7939150975661803E+01    1.4305640000000000E-02
  9.8096230608341287E+01    5.9369000000000002E-04    9.8096230608341287E+01    1.4282830000000000E-02
  9.8253310241020785E+01    5.9179999999999996E-04    9.8253310241020785E+01    1.4260080000000000E-02
  9.8410389873700268E+01    5.8991000000000002E-04    9.8410389873700268E+01    1.4237410000000001E-02
  9.8567469506379766E+01    5.8803999999999996E-04    9.8567469506379766E+01    1.4214810000000000E-02
  9.8724549139059249E+01    5.8617000000000001E-04    9.8724549139059249E+01    1.4192290000000000E-02
  9.8881628771738733E+01    5.8432000000000004E-04    9.8881628771738733E+01    1.4169830000000000E-02
  9.9038708404418230E+01    5.8246999999999997E-04    9.9038708404418230E+01    1.4147440000000001E-02
  9.9195788037097714E+01    5.8062999999999995E-04    9.9195788037097714E+01    1.4125130000000000E-02
  9.9352867669777211E+01    5.7879999999999997E-04    9.9352867669777211E+01    1.4102880000000000E-02
  9.9509947302456695E+01    5.7698000000000005E-04    9.9509947302456695E+01    1.4080710000000000E-02
  9.9667026935136192E+01    5.7516999999999996E-04    9.9667026935136192E+01    1.4058599999999999E-02
  9.9824106567815676E+01    5.7335999999999997E-04    9.9824106567815676E+01    1.4036560000000000E-02
  9.9981186200495159E+01    5.7156999999999998E-04    9.9981186200495159E+01    1.4014600000000000E-02
