                       w                      Re11                         w                      Im11
  7.8539816339744828E-02   -8.0970613246460002E-02    7.8539816339744828E-02   -1.2075913250005235E-03
  2.3561944901923448E-01   -8.0813946301554793E-02    2.3561944901923448E-01   -3.6141528620340425E-03
  3.9269908169872414E-01   -8.0503467781063667E-02    3.9269908169872414E-01   -5.9951890666965759E-03
  5.4977871437821380E-01   -8.0044686277951610E-02    5.4977871437821380E-01   -8.3347711885528881E-03
  7.0685834705770345E-01   -7.9445391819501082E-02    7.0685834705770345E-01   -1.0618476106246427E-02
  8.6393797973719311E-01   -7.8715170705568244E-02    8.6393797973719311E-01   -1.2833762703569247E-02
  1.0210176124166828E+00   -7.7864872934685983E-02    1.0210176124166828E+00   -1.4970177112141296E-02
  1.1780972450961724E+00   -7.6906093463058572E-02    1.1780972450961724E+00   -1.7019397200533550E-02
  1.3351768777756621E+00   -7.5850713404083878E-02    1.3351768777756621E+00   -1.8975146685729485E-02
  1.4922565104551517E+00   -7.4710527699677495E-02    1.4922565104551517E+00   -2.0833018833402429E-02
  1.6493361431346414E+00   -7.3496967288600723E-02    1.6493361431346414E+00   -2.2590249759168360E-02
  1.8064157758141310E+00   -7.2220909852851095E-02    1.8064157758141310E+00   -2.4245474865952885E-02
  1.9634954084936207E+00   -7.0892565004852637E-02    1.9634954084936207E+00   -2.5798492497963656E-02
  2.1205750411731104E+00   -6.9521416690934437E-02    2.1205750411731104E+00   -2.7250049347875557E-02
  2.2776546738526000E+00   -6.8116206153346154E-02    2.2776546738526000E+00   -2.8601654265212190E-02
  2.4347343065320897E+00   -6.6684941402536113E-02    2.4347343065320897E+00   -2.9855421543034864E-02
  2.5918139392115793E+00   -6.5234922497622277E-02    2.5918139392115793E+00   -3.1013941419930358E-02
  2.7488935718910690E+00   -6.3772775164079420E-02    2.7488935718910690E+00   -3.2080173957619432E-02
  2.9059732045705586E+00   -6.2304487958780894E-02    2.9059732045705586E+00   -3.3057362074818269E-02
  3.0630528372500483E+00   -6.0835450189510483E-02    3.0630528372500483E+00   -3.3948959832111804E-02
  3.2201324699295379E+00   -5.9370489151924666E-02    3.2201324699295379E+00   -3.4758572695657047E-02
  3.3772121026090276E+00   -5.7913906085157937E-02    3.3772121026090276E+00   -3.5489907217024039E-02
  3.5342917352885173E+00   -5.6469510709512359E-02    3.5342917352885173E+00   -3.6146728217653482E-02
  3.6913713679680069E+00   -5.5040654422950690E-02    3.6913713679680069E+00   -3.6732822100028185E-02
  3.8484510006474966E+00   -5.3630262296853116E-02    3.8484510006474966E+00   -3.7251965311023788E-02
  4.0055306333269858E+00   -5.2240863996285712E-02    4.0055306333269858E+00   -3.7707897268103377E-02
  4.1626102660064763E+00   -5.0874623701789738E-02    4.1626102660064763E+00   -3.8104297248491105E-02
  4.3196898986859651E+00   -4.9533369055609781E-02    4.3196898986859651E+00   -3.8444764859505993E-02
  4.4767695313654556E+00   -4.8218619109452396E-02    4.4767695313654556E+00   -3.8732803776680536E-02
  4.6338491640449444E+00   -4.6931611219017504E-02    4.6338491640449444E+00   -3.8971808472741440E-02
  4.7909287967244349E+00   -4.5673326813426195E-02    4.7909287967244349E+00   -3.9165053678153018E-02
  4.9480084294039237E+00   -4.4444515963448693E-02    4.9480084294039237E+00   -3.9315686321912499E-02
  5.1050880620834143E+00   -4.3245720678199998E-02    5.1050880620834143E+00   -3.9426719705640670E-02
  5.2621676947629030E+00   -4.2077296872628706E-02    5.2621676947629030E+00   -3.9501029668321856E-02
  5.4192473274423936E+00   -4.0939434964875891E-02    5.4192473274423936E+00   -3.9541352505201459E-02
  5.5763269601218823E+00   -3.9832179081136530E-02    5.5763269601218823E+00   -3.9550284413093516E-02
  5.7334065928013729E+00   -3.8755444864275561E-02    5.7334065928013729E+00   -3.9530282245720479E-02
  5.8904862254808616E+00   -3.7709035899918857E-02    5.8904862254808616E+00   -3.9483665376334208E-02
  6.0475658581603522E+00   -3.6692658789276696E-02    6.0475658581603522E+00   -3.9412618480193451E-02
  6.2046454908398410E+00   -3.5705936911142155E-02    6.2046454908398410E+00   -3.9319195065883494E-02
  6.3617251235193315E+00   -3.4748422926177573E-02    6.3617251235193315E+00   -3.9205321601374535E-02
  6.5188047561988203E+00   -3.3819610084790876E-02    6.5188047561988203E+00   -3.9072802097613782E-02
  6.6758843888783108E+00   -3.2918942405764311E-02    6.6758843888783108E+00   -3.8923323028914811E-02
  6.8329640215577996E+00   -3.2045823796564628E-02    6.8329640215577996E+00   -3.8758458485124450E-02
  6.9900436542372901E+00   -3.1199626188205428E-02    6.9900436542372901E+00   -3.8579675465282758E-02
  7.1471232869167789E+00   -3.0379696757934980E-02    7.1471232869167789E+00   -3.8388339236095623E-02
  7.3042029195962694E+00   -2.9585364312160446E-02    7.3042029195962694E+00   -3.8185718690929918E-02
  7.4612825522757582E+00   -2.8815944900153913E-02    7.4612825522757582E+00   -3.7972991656189774E-02
  7.6183621849552488E+00   -2.8070746726447677E-02    7.6183621849552488E+00   -3.7751250101853207E-02
  7.7754418176347375E+00   -2.7349074426623758E-02    7.7754418176347375E+00   -3.7521505221685493E-02
  7.9325214503142281E+00   -2.6650232767608757E-02    7.9325214503142281E+00   -3.7284692356265192E-02
  8.0896010829937168E+00   -2.5973529829750285E-02    8.0896010829937168E+00   -3.7041675738541002E-02
  8.2466807156732074E+00   -2.5318279723993711E-02    8.2466807156732074E+00   -3.6793253047269936E-02
  8.4037603483526961E+00   -2.4683804893497859E-02    8.4037603483526961E+00   -3.6540159758461158E-02
  8.5608399810321867E+00   -2.4069438045099652E-02    8.5608399810321867E+00   -3.6283073288954852E-02
  8.7179196137116755E+00   -2.3474523752220623E-02    8.7179196137116755E+00   -3.6022616929590627E-02
  8.8749992463911660E+00   -2.2898419767144487E-02    8.8749992463911660E+00   -3.5759363568146234E-02
  9.0320788790706548E+00   -2.2340498077115599E-02    9.0320788790706548E+00   -3.5493839204433990E-02
  9.1891585117501453E+00   -2.1800145735431604E-02    9.1891585117501453E+00   -3.5226526261697734E-02
  9.3462381444296341E+00   -2.1276765495643151E-02    9.3462381444296341E+00   -3.4957866699823828E-02
  9.5033177771091246E+00   -2.0769776274130746E-02    9.5033177771091246E+00   -3.4688264936920614E-02
  9.6603974097886134E+00   -2.0278613463706484E-02    9.6603974097886134E+00   -3.4418090586585223E-02
  9.8174770424681039E+00   -1.9802729118478232E-02    9.8174770424681039E+00   -3.4147681018707590E-02
  9.9745566751475927E+00   -1.9341592028011650E-02    9.9745566751475927E+00   -3.3877343752000320E-02
  1.0131636307827083E+01   -1.8894687696818763E-02    1.0131636307827083E+01   -3.3607358686621736E-02
  1.0288715940506572E+01   -1.8461518243381946E-02    1.0288715940506572E+01   -3.3337980185309750E-02
  1.0445795573186063E+01   -1.8041602231275673E-02    1.0445795573186063E+01   -3.3069439011389215E-02
  1.0602875205865551E+01   -1.7634474443464252E-02    1.0602875205865551E+01   -3.2801944131878931E-02
  1.0759954838545042E+01   -1.7239685609519193E-02    1.0759954838545042E+01   -3.2535684393722612E-02
  1.0917034471224531E+01   -1.6856802094302785E-02    1.0917034471224531E+01   -3.2270830080918203E-02
  1.1074114103904021E+01   -1.6485405555593951E-02    1.1074114103904021E+01   -3.2007534360033403E-02
  1.1231193736583510E+01   -1.6125092577176505E-02    1.1231193736583510E+01   -3.1745934621283563E-02
  1.1388273369263000E+01   -1.5775474283058647E-02    1.1388273369263000E+01   -3.1486153722020016E-02
  1.1545353001942489E+01   -1.5436175937736085E-02    1.1545353001942489E+01   -3.1228301139139231E-02
  1.1702432634621980E+01   -1.5106836536739844E-02    1.1702432634621980E+01   -3.0972474036582206E-02
  1.1859512267301469E+01   -1.4787108391115881E-02    1.1859512267301469E+01   -3.0718758253753656E-02
  1.2016591899980959E+01   -1.4476656708958561E-02    1.2016591899980959E+01   -3.0467229220355618E-02
  1.2173671532660448E+01   -1.4175159176657339E-02    1.2173671532660448E+01   -3.0217952802802872E-02
  1.2330751165339938E+01   -1.3882305542108359E-02    1.2330751165339938E+01   -2.9970986087070172E-02
  1.2487830798019427E+01   -1.3597797201785255E-02    1.2487830798019427E+01   -2.9726378102515674E-02
  1.2644910430698918E+01   -1.3321346793249384E-02    1.2644910430698918E+01   -2.9484170490931584E-02
  1.2801990063378407E+01   -1.3052677794405854E-02    1.2801990063378407E+01   -2.9244398124793448E-02
  1.2959069696057897E+01   -1.2791524130572001E-02    1.2959069696057897E+01   -2.9007089678413384E-02
  1.3116149328737386E+01   -1.2537629790216874E-02    1.3116149328737386E+01   -2.8772268155450753E-02
  1.3273228961416876E+01   -1.2290748450049091E-02    1.3273228961416876E+01   -2.8539951375995413E-02
  1.3430308594096365E+01   -1.2050643109974061E-02    1.3430308594096365E+01   -2.8310152426214770E-02
  1.3587388226775856E+01   -1.1817085738306045E-02    1.3587388226775856E+01   -2.8082880073344613E-02
  1.3744467859455344E+01   -1.1589856927504453E-02    1.3744467859455344E+01   -2.7858139148606173E-02
  1.3901547492134835E+01   -1.1368745560603886E-02    1.3901547492134835E+01   -2.7635930900446370E-02
  1.4058627124814324E+01   -1.1153548488422496E-02    1.4058627124814324E+01   -2.7416253320325049E-02
  1.4215706757493814E+01   -1.0944070217560930E-02    1.4215706757493814E+01   -2.7199101443111315E-02
  1.4372786390173303E+01   -1.0740122609143189E-02    1.4372786390173303E+01   -2.6984467624000044E-02
  1.4529866022852794E+01   -1.0541524588199578E-02    1.4529866022852794E+01   -2.6772341793719300E-02
  1.4686945655532282E+01   -1.0348101863549345E-02    1.4686945655532282E+01   -2.6562711693668545E-02
  1.4844025288211773E+01   -1.0159686658005648E-02    1.4844025288211773E+01   -2.6355563092505942E-02
  1.5001104920891262E+01   -9.9761174486968484E-03    1.5001104920891262E+01   -2.6150879985590125E-02
  1.5158184553570752E+01   -9.7972387172753049E-03    1.5158184553570752E+01   -2.5948644778576939E-02
  1.5315264186250241E+01   -9.6229007097668722E-03    1.5315264186250241E+01   -2.5748838456374382E-02
  1.5472343818929732E+01   -9.4529592058004482E-03    1.5472343818929732E+01   -2.5551440738568767E-02
  1.5629423451609220E+01   -9.2872752969469959E-03    1.5629423451609220E+01   -2.5356430222351494E-02
  1.5786503084288711E+01   -9.1257151738902073E-03    1.5786503084288711E+01   -2.5163784513898432E-02
  1.5943582716968200E+01   -8.9681499221468969E-03    1.5943582716968200E+01   -2.4973480349082148E-02
  1.6100662349647688E+01   -8.8144553260529630E-03    1.6100662349647688E+01   -2.4785493704330804E-02
  1.6257741982327179E+01   -8.6645116807307875E-03    1.6257741982327179E+01   -2.4599799898386225E-02
  1.6414821615006669E+01   -8.5182036117552821E-03    1.6414821615006669E+01   -2.4416373685656623E-02
  1.6571901247686160E+01   -8.3754199022387232E-03    1.6571901247686160E+01   -2.4235189341807042E-02
  1.6728980880365647E+01   -8.2360533270584863E-03    1.6728980880365647E+01   -2.4056220742181861E-02
  1.6886060513045138E+01   -8.1000004939565905E-03    1.6886060513045138E+01   -2.3879441433608813E-02
  1.7043140145724628E+01   -7.9671616912457190E-03    1.7043140145724628E+01   -2.3704824700092327E-02
  1.7200219778404119E+01   -7.8374407418624979E-03    1.7200219778404119E+01   -2.3532343622865663E-02
  1.7357299411083606E+01   -7.7107448635155553E-03    1.7357299411083606E+01   -2.3361971135235710E-02
  1.7514379043763096E+01   -7.5869845346829669E-03    1.7514379043763096E+01   -2.3193680072621542E-02
  1.7671458676442587E+01   -7.4660733662209591E-03    1.7671458676442587E+01   -2.3027443218157549E-02
  1.7828538309122077E+01   -7.3479279783531665E-03    1.7828538309122077E+01   -2.2863233344203725E-02
  1.7985617941801564E+01   -7.2324678828174470E-03    1.7985617941801564E+01   -2.2701023250080023E-02
  1.8142697574481055E+01   -7.1196153699547501E-03    1.8142697574481055E+01   -2.2540785796317533E-02
  1.8299777207160545E+01   -7.0092954005322545E-03    1.8299777207160545E+01   -2.2382493935697315E-02
  1.8456856839840036E+01   -6.9014355021004645E-03    1.8456856839840036E+01   -2.2226120741327030E-02
  1.8613936472519523E+01   -6.7959656696915142E-03    1.8613936472519523E+01   -2.2071639431986836E-02
  1.8771016105199013E+01   -6.6928182706732110E-03    1.8771016105199013E+01   -2.1919023394958354E-02
  1.8928095737878504E+01   -6.5919279535806936E-03    1.8928095737878504E+01   -2.1768246206534562E-02
  1.9085175370557995E+01   -6.4932315607544771E-03    1.9085175370557995E+01   -2.1619281650393320E-02
  1.9242255003237482E+01   -6.3966680446207354E-03    1.9242255003237482E+01   -2.1472103734003649E-02
  1.9399334635916972E+01   -6.3021783874562289E-03    1.9399334635916972E+01   -2.1326686703220958E-02
  1.9556414268596463E+01   -6.2097055244869160E-03    1.9556414268596463E+01   -2.1183005055215805E-02
  1.9713493901275953E+01   -6.1191942701755058E-03    1.9713493901275953E+01   -2.1041033549869640E-02
  1.9870573533955440E+01   -6.0305912475593759E-03    1.9870573533955440E+01   -2.0900747219761154E-02
  2.0027653166634931E+01   -5.9438448205061962E-03    2.0027653166634931E+01   -2.0762121378857343E-02
  2.0184732799314421E+01   -5.8589050287602210E-03    2.0184732799314421E+01   -2.0625131630014878E-02
  2.0341812431993912E+01   -5.7757235256577924E-03    2.0341812431993912E+01   -2.0489753871389373E-02
  2.0498892064673399E+01   -5.6942535183958122E-03    2.0498892064673399E+01   -2.0355964301842763E-02
  2.0655971697352889E+01   -5.6144497107420404E-03    2.0655971697352889E+01   -2.0223739425432166E-02
  2.0813051330032380E+01   -5.5362682480810032E-03    2.0813051330032380E+01   -2.0093056055057405E-02
  2.0970130962711870E+01   -5.4596666646939121E-03    2.0970130962711870E+01   -1.9963891315338322E-02
  2.1127210595391357E+01   -5.3846038331755207E-03    2.1127210595391357E+01   -1.9836222644787859E-02
  2.1284290228070848E+01   -5.3110399158952000E-03    2.1284290228070848E+01   -1.9710027797341656E-02
  2.1441369860750338E+01   -5.2389363184135763E-03    2.1441369860750338E+01   -1.9585284843300493E-02
  2.1598449493429829E+01   -5.1682556447700612E-03    2.1598449493429829E+01   -1.9461972169737485E-02
  2.1755529126109316E+01   -5.0989616545604136E-03    2.1755529126109316E+01   -1.9340068480418013E-02
  2.1912608758788807E+01   -5.0310192217270398E-03    2.1912608758788807E+01   -1.9219552795276755E-02
  2.2069688391468297E+01   -4.9643942949882834E-03    2.2069688391468297E+01   -1.9100404449492753E-02
  2.2226768024147788E+01   -4.8990538598361810E-03    2.2226768024147788E+01   -1.8982603092200317E-02
  2.2383847656827275E+01   -4.8349659020353857E-03    2.2383847656827275E+01   -1.8866128684870608E-02
  2.2540927289506765E+01   -4.7720993725589647E-03    2.2540927289506765E+01   -1.8750961499396167E-02
  2.2698006922186256E+01   -4.7104241538996798E-03    2.2698006922186256E+01   -1.8637082115908102E-02
  2.2855086554865746E+01   -4.6499110276980978E-03    2.2855086554865746E+01   -1.8524471420353267E-02
  2.3012166187545233E+01   -4.5905316436315154E-03    2.3012166187545233E+01   -1.8413110601856780E-02
  2.3169245820224724E+01   -4.5322584895102266E-03    2.3169245820224724E+01   -1.8302981149893108E-02
  2.3326325452904214E+01   -4.4750648625300395E-03    2.3326325452904214E+01   -1.8194064851287259E-02
  2.3483405085583705E+01   -4.4189248416322217E-03    2.3483405085583705E+01   -1.8086343787065754E-02
  2.3640484718263192E+01   -4.3638132609242729E-03    2.3640484718263192E+01   -1.7979800329175639E-02
  2.3797564350942682E+01   -4.3097056841170066E-03    2.3797564350942682E+01   -1.7874417137088285E-02
  2.3954643983622173E+01   -4.2565783799353813E-03    2.3954643983622173E+01   -1.7770177154303318E-02
  2.4111723616301663E+01   -4.2044082984624637E-03    2.4111723616301663E+01   -1.7667063604766924E-02
  2.4268803248981150E+01   -4.1531730483776634E-03    2.4268803248981150E+01   -1.7565059989217428E-02
  2.4425882881660641E+01   -4.1028508750521695E-03    2.4425882881660641E+01   -1.7464150081470148E-02
  2.4582962514340132E+01   -4.0534206394661175E-03    2.4582962514340132E+01   -1.7364317924652484E-02
  2.4740042147019622E+01   -4.0048617979136043E-03    2.4740042147019622E+01   -1.7265547827399190E-02
  2.4897121779699109E+01   -3.9571543824631645E-03    2.4897121779699109E+01   -1.7167824360017108E-02
  2.5054201412378600E+01   -3.9102789821427626E-03    2.5054201412378600E+01   -1.7071132350627703E-02
  2.5211281045058090E+01   -3.8642167248197096E-03    2.5211281045058090E+01   -1.6975456881295113E-02
  2.5368360677737581E+01   -3.8189492597471971E-03    2.5368360677737581E+01   -1.6880783284146689E-02
  2.5525440310417068E+01   -3.7744587407504190E-03    2.5525440310417068E+01   -1.6787097137492449E-02
  2.5682519943096558E+01   -3.7307278100264011E-03    2.5682519943096558E+01   -1.6694384261949202E-02
  2.5839599575776049E+01   -3.6877395825328212E-03    2.5839599575776049E+01   -1.6602630716574699E-02
  2.5996679208455539E+01   -3.6454776309421282E-03    2.5996679208455539E+01   -1.6511822795016534E-02
  2.6153758841135026E+01   -3.6039259711383585E-03    2.6153758841135026E+01   -1.6421947021680178E-02
  2.6310838473814517E+01   -3.5630690482349766E-03    2.6310838473814517E+01   -1.6332990147920029E-02
  2.6467918106494007E+01   -3.5228917230930366E-03    2.6467918106494007E+01   -1.6244939148257045E-02
  2.6624997739173498E+01   -3.4833792593198304E-03    2.6624997739173498E+01   -1.6157781216626116E-02
  2.6782077371852985E+01   -3.4445173107290599E-03    2.6782077371852985E+01   -1.6071503762656012E-02
  2.6939157004532476E+01   -3.4062919092443631E-03    2.6939157004532476E+01   -1.5986094407984472E-02
  2.7096236637211966E+01   -3.3686894532288215E-03    2.7096236637211966E+01   -1.5901540982610662E-02
  2.7253316269891457E+01   -3.3316966962237942E-03    2.7253316269891457E+01   -1.5817831521287032E-02
  2.7410395902570944E+01   -3.2953007360811562E-03    2.7410395902570944E+01   -1.5734954259952309E-02
  2.7567475535250434E+01   -3.2594890044736636E-03    2.7567475535250434E+01   -1.5652897632207178E-02
  2.7724555167929925E+01   -3.2242492567688490E-03    2.7724555167929925E+01   -1.5571650265833990E-02
  2.7881634800609415E+01   -3.1895695622524249E-03    2.7881634800609415E+01   -1.5491200979361654E-02
  2.8038714433288902E+01   -3.1554382946877989E-03    2.8038714433288902E+01   -1.5411538778676672E-02
  2.8195794065968393E+01   -3.1218441231988321E-03    2.8195794065968393E+01   -1.5332652853681164E-02
  2.8352873698647883E+01   -3.0887760034635490E-03    2.8352873698647883E+01   -1.5254532574998555E-02
  2.8509953331327374E+01   -3.0562231692069664E-03    2.8509953331327374E+01   -1.5177167490727462E-02
  2.8667032964006861E+01   -3.0241751239817416E-03    2.8667032964006861E+01   -1.5100547323244213E-02
  2.8824112596686351E+01   -2.9926216332257960E-03    2.8824112596686351E+01   -1.5024661966054297E-02
  2.8981192229365842E+01   -2.9615527165865112E-03    2.8981192229365842E+01   -1.4949501480693001E-02
  2.9138271862045332E+01   -2.9309586405015173E-03    2.9138271862045332E+01   -1.4875056093675272E-02
  2.9295351494724819E+01   -2.9008299110265118E-03    2.9295351494724819E+01   -1.4801316193494911E-02
  2.9452431127404310E+01   -2.8711572669009445E-03    2.9452431127404310E+01   -1.4728272327673030E-02
  2.9609510760083801E+01   -2.8419316728427561E-03    2.9609510760083801E+01   -1.4655915199855636E-02
  2.9766590392763291E+01   -2.8131443130637243E-03    2.9766590392763291E+01   -1.4584235666960191E-02
  2.9923670025442778E+01   -2.7847865849973201E-03    2.9923670025442778E+01   -1.4513224736370903E-02
  3.0080749658122269E+01   -2.7568500932312967E-03    3.0080749658122269E+01   -1.4442873563182447E-02
  3.0237829290801759E+01   -2.7293266436375437E-03    3.0237829290801759E+01   -1.4373173447491805E-02
  3.0394908923481250E+01   -2.7022082376920342E-03    3.0394908923481250E+01   -1.4304115831737815E-02
  3.0551988556160737E+01   -2.6754870669780007E-03    3.0551988556160737E+01   -1.4235692298088047E-02
  3.0709068188840227E+01   -2.6491555078657076E-03    3.0709068188840227E+01   -1.4167894565872498E-02
  3.0866147821519718E+01   -2.6232061163625003E-03    3.0866147821519718E+01   -1.4100714489063726E-02
  3.1023227454199208E+01   -2.5976316231270187E-03    3.1023227454199208E+01   -1.4034144053802778E-02
  3.1180307086878695E+01   -2.5724249286417232E-03    3.1180307086878695E+01   -1.3968175375970513E-02
  3.1337386719558186E+01   -2.5475790985381099E-03    3.1337386719558186E+01   -1.3902800698803661E-02
  3.1494466352237676E+01   -2.5230873590692078E-03    3.1494466352237676E+01   -1.3838012390555123E-02
  3.1651545984917167E+01   -2.4989430927241647E-03    3.1651545984917167E+01   -1.3773802942197893E-02
  3.1808625617596654E+01   -2.4751398339799176E-03    3.1808625617596654E+01   -1.3710164965171971E-02
  3.1965705250276145E+01   -2.4516712651851606E-03    3.1965705250276145E+01   -1.3647091189173731E-02
  3.2122784882955635E+01   -2.4285312125719898E-03    3.2122784882955635E+01   -1.3584574459987059E-02
  3.2279864515635126E+01   -2.4057136423907789E-03    3.2279864515635126E+01   -1.3522607737355656E-02
  3.2436944148314616E+01   -2.3832126571640268E-03    3.2436944148314616E+01   -1.3461184092895867E-02
  3.2594023780994107E+01   -2.3610224920550707E-03    3.2594023780994107E+01   -1.3400296708049418E-02
  3.2751103413673590E+01   -2.3391375113477105E-03    3.2751103413673590E+01   -1.3339938872075392E-02
  3.2908183046353081E+01   -2.3175522050329399E-03    3.2908183046353081E+01   -1.3280103980080794E-02
  3.3065262679032571E+01   -2.2962611854991529E-03    3.3065262679032571E+01   -1.3220785531089130E-02
  3.3222342311712062E+01   -2.2752591843222705E-03    3.3222342311712062E+01   -1.3161977126146257E-02
  3.3379421944391552E+01   -2.2545410491524292E-03    3.3379421944391552E+01   -1.3103672466462933E-02
  3.3536501577071043E+01   -2.2341017406939589E-03    3.3536501577071043E+01   -1.3045865351593402E-02
  3.3693581209750533E+01   -2.2139363297755160E-03    3.3693581209750533E+01   -1.2988549677649393E-02
  3.3850660842430024E+01   -2.1940399945073494E-03    3.3850660842430024E+01   -1.2931719435548879E-02
  3.4007740475109507E+01   -2.1744080175227776E-03    3.4007740475109507E+01   -1.2875368709298961E-02
  3.4164820107788998E+01   -2.1550357833011015E-03    3.4164820107788998E+01   -1.2819491674312318E-02
  3.4321899740468488E+01   -2.1359187755692196E-03    3.4321899740468488E+01   -1.2764082595756503E-02
  3.4478979373147979E+01   -2.1170525747793716E-03    3.4478979373147979E+01   -1.2709135826935574E-02
  3.4636059005827470E+01   -2.0984328556604890E-03    3.4636059005827470E+01   -1.2654645807703370E-02
  3.4793138638506960E+01   -2.0800553848407408E-03    3.4793138638506960E+01   -1.2600607062907903E-02
  3.4950218271186451E+01   -2.0619160185389512E-03    3.4950218271186451E+01   -1.2547014200866216E-02
  3.5107297903865941E+01   -2.0440107003226473E-03    3.5107297903865941E+01   -1.2493861911869172E-02
  3.5264377536545425E+01   -2.0263354589305648E-03    3.5264377536545425E+01   -1.2441144966715565E-02
  3.5421457169224915E+01   -2.0088864061575287E-03    3.5421457169224915E+01   -1.2388858215274971E-02
  3.5578536801904406E+01   -1.9916597347997213E-03    3.5578536801904406E+01   -1.2336996585078851E-02
  3.5735616434583896E+01   -1.9746517166583590E-03    3.5735616434583896E+01   -1.2285555079939258E-02
  3.5892696067263387E+01   -1.9578587005999420E-03    3.5892696067263387E+01   -1.2234528778594659E-02
  3.6049775699942877E+01   -1.9412771106712590E-03    3.6049775699942877E+01   -1.2183912833382330E-02
  3.6206855332622368E+01   -1.9249034442674090E-03    3.6206855332622368E+01   -1.2133702468936790E-02
  3.6363934965301858E+01   -1.9087342703511608E-03    3.6363934965301858E+01   -1.2083892980913741E-02
  3.6521014597981342E+01   -1.8927662277220328E-03    3.6521014597981342E+01   -1.2034479734739048E-02
  3.6678094230660832E+01   -1.8769960233335306E-03    3.6678094230660832E+01   -1.1985458164382182E-02
  3.6835173863340323E+01   -1.8614204306570258E-03    3.6835173863340323E+01   -1.1936823771153713E-02
  3.6992253496019813E+01   -1.8460362880908321E-03    3.6992253496019813E+01   -1.1888572122526314E-02
  3.7149333128699304E+01   -1.8308404974130641E-03    3.7149333128699304E+01   -1.1840698850978821E-02
  3.7306412761378795E+01   -1.8158300222769186E-03    3.7306412761378795E+01   -1.1793199652862867E-02
  3.7463492394058285E+01   -1.8010018867470798E-03    3.7463492394058285E+01   -1.1746070287291653E-02
  3.7620572026737776E+01   -1.7863531738759686E-03    3.7620572026737776E+01   -1.1699306575050384E-02
  3.7777651659417259E+01   -1.7718810243186230E-03    3.7777651659417259E+01   -1.1652904397527933E-02
  3.7934731292096750E+01   -1.7575826349850207E-03    3.7934731292096750E+01   -1.1606859695669301E-02
  3.8091810924776240E+01   -1.7434552577287132E-03    3.8091810924776240E+01   -1.1561168468948460E-02
  3.8248890557455731E+01   -1.7294961980706557E-03    3.8248890557455731E+01   -1.1515826774361117E-02
  3.8405970190135221E+01   -1.7157028139571774E-03    3.8405970190135221E+01   -1.1470830725437050E-02
  3.8563049822814712E+01   -1.7020725145510587E-03    3.8563049822814712E+01   -1.1426176491271572E-02
  3.8720129455494202E+01   -1.6886027590547190E-03    3.8720129455494202E+01   -1.1381860295575722E-02
  3.8877209088173693E+01   -1.6752910555645566E-03    3.8877209088173693E+01   -1.1337878415744844E-02
  3.9034288720853176E+01   -1.6621349599555085E-03    3.9034288720853176E+01   -1.1294227181945131E-02
  3.9191368353532667E+01   -1.6491320747949254E-03    3.9191368353532667E+01   -1.1250902976217772E-02
  3.9348447986212157E+01   -1.6362800482849081E-03    3.9348447986212157E+01   -1.1207902231600356E-02
  3.9505527618891648E+01   -1.6235765732322447E-03    3.9505527618891648E+01   -1.1165221431265165E-02
  3.9662607251571139E+01   -1.6110193860451492E-03    3.9662607251571139E+01   -1.1122857107674002E-02
  3.9819686884250629E+01   -1.5986062657560095E-03    3.9819686884250629E+01   -1.1080805841749209E-02
  3.9976766516930120E+01   -1.5863350330693818E-03    3.9976766516930120E+01   -1.1039064262060565E-02
  4.0133846149609610E+01   -1.5742035494345041E-03    4.0133846149609610E+01   -1.0997629044027716E-02
  4.0290925782289094E+01   -1.5622097161416030E-03    4.0290925782289094E+01   -1.0956496909137810E-02
  4.0448005414968584E+01   -1.5503514734413124E-03    4.0448005414968584E+01   -1.0915664624178032E-02
  4.0605085047648075E+01   -1.5386267996865400E-03    4.0605085047648075E+01   -1.0875129000482757E-02
  4.0762164680327565E+01   -1.5270337104961278E-03    4.0762164680327565E+01   -1.0834886893194954E-02
  4.0919244313007056E+01   -1.5155702579396839E-03    4.0919244313007056E+01   -1.0794935200541618E-02
  4.1076323945686546E+01   -1.5042345297429818E-03    4.1076323945686546E+01   -1.0755270863122890E-02
  4.1233403578366037E+01   -1.4930246485133426E-03    4.1233403578366037E+01   -1.0715890863214608E-02
  4.1390483211045527E+01   -1.4819387709844275E-03    4.1390483211045527E+01   -1.0676792224084007E-02
  4.1547562843725011E+01   -1.4709750872798969E-03    4.1547562843725011E+01   -1.0637972009318299E-02
  4.1704642476404501E+01   -1.4601318201953948E-03    4.1704642476404501E+01   -1.0599427322165834E-02
  4.1861722109083992E+01   -1.4494072244983574E-03    4.1861722109083992E+01   -1.0561155304889670E-02
  4.2018801741763482E+01   -1.4387995862451318E-03    4.2018801741763482E+01   -1.0523153138133184E-02
  4.2175881374442973E+01   -1.4283072221149269E-03    4.2175881374442973E+01   -1.0485418040297557E-02
  4.2332961007122464E+01   -1.4179284787601304E-03    4.2332961007122464E+01   -1.0447947266930867E-02
  4.2490040639801954E+01   -1.4076617321725330E-03    4.2490040639801954E+01   -1.0410738110128546E-02
  4.2647120272481445E+01   -1.3975053870650227E-03    4.2647120272481445E+01   -1.0373787897944964E-02
  4.2804199905160928E+01   -1.3874578762683178E-03    4.2804199905160928E+01   -1.0337093993815929E-02
  4.2961279537840419E+01   -1.3775176601423312E-03    4.2961279537840419E+01   -1.0300653795991866E-02
  4.3118359170519909E+01   -1.3676832260017600E-03    4.3118359170519909E+01   -1.0264464736981466E-02
  4.3275438803199400E+01   -1.3579530875555152E-03    4.3275438803199400E+01   -1.0228524283005577E-02
  4.3432518435878890E+01   -1.3483257843596109E-03    4.3432518435878890E+01   -1.0192829933461147E-02
  4.3589598068558381E+01   -1.3387998812831488E-03    4.3589598068558381E+01   -1.0157379220395004E-02
  4.3746677701237871E+01   -1.3293739679870477E-03    4.3746677701237871E+01   -1.0122169707987268E-02
  4.3903757333917362E+01   -1.3200466584151649E-03    4.3903757333917362E+01   -1.0087198992044206E-02
  4.4060836966596845E+01   -1.3108165902974876E-03    4.4060836966596845E+01   -1.0052464699500352E-02
  4.4217916599276336E+01   -1.3016824246650592E-03    4.4217916599276336E+01   -1.0017964487929666E-02
  4.4374996231955826E+01   -1.2926428453763359E-03    4.4374996231955826E+01   -9.9836960450655904E-03
  4.4532075864635317E+01   -1.2836965586546661E-03    4.4532075864635317E+01   -9.9496570883298146E-03
  4.4689155497314808E+01   -1.2748422926365914E-03    4.4689155497314808E+01   -9.9158453643695306E-03
  4.4846235129994298E+01   -1.2660787969306924E-03    4.4846235129994298E+01   -9.8822586486030824E-03
  4.5003314762673789E+01   -1.2574048421866951E-03    4.5003314762673789E+01   -9.8488947447737743E-03
  4.5160394395353279E+01   -1.2488192196745661E-03    4.5160394395353279E+01   -9.8157514845117026E-03
  4.5317474028032763E+01   -1.2403207408733419E-03    4.5317474028032763E+01   -9.7828267269034659E-03
  4.5474553660712253E+01   -1.2319082370694275E-03    4.5474553660712253E+01   -9.7501183580695500E-03
  4.5631633293391744E+01   -1.2235805589641271E-03    4.5631633293391744E+01   -9.7176242907492816E-03
  4.5788712926071234E+01   -1.2153365762901608E-03    4.5788712926071234E+01   -9.6853424638931752E-03
  4.5945792558750725E+01   -1.2071751774369358E-03    4.5945792558750725E+01   -9.6532708422625239E-03
  4.6102872191430215E+01   -1.1990952690843467E-03    4.6102872191430215E+01   -9.6214074160361016E-03
  4.6259951824109706E+01   -1.1910957758448839E-03    4.6259951824109706E+01   -9.5897502004238279E-03
  4.6417031456789196E+01   -1.1831756399138386E-03    4.6417031456789196E+01   -9.5582972352872622E-03
  4.6574111089468680E+01   -1.1753338207273960E-03    4.6574111089468680E+01   -9.5270465847667844E-03
  4.6731190722148170E+01   -1.1675692946284105E-03    4.6731190722148170E+01   -9.4959963369153372E-03
  4.6888270354827661E+01   -1.1598810545396796E-03    4.6888270354827661E+01   -9.4651446033385978E-03
  4.7045349987507151E+01   -1.1522681096445145E-03    4.7045349987507151E+01   -9.4344895188414567E-03
  4.7202429620186642E+01   -1.1447294850744235E-03    4.7202429620186642E+01   -9.4040292410806584E-03
  4.7359509252866133E+01   -1.1372642216037391E-03    4.7359509252866133E+01   -9.3737619502235262E-03
  4.7516588885545623E+01   -1.1298713753510000E-03    4.7516588885545623E+01   -9.3436858486126029E-03
  4.7673668518225114E+01   -1.1225500174869331E-03    4.7673668518225114E+01   -9.3137991604361203E-03
  4.7830748150904597E+01   -1.1152992339488552E-03    4.7830748150904597E+01   -9.2841001314041879E-03
  4.7987827783584088E+01   -1.1081181251613472E-03    4.7987827783584088E+01   -9.2545870284305581E-03
  4.8144907416263578E+01   -1.1010058057630391E-03    4.8144907416263578E+01   -9.2252581393199012E-03
  4.8301987048943069E+01   -1.0939614043393544E-03    4.8301987048943069E+01   -9.1961117724604514E-03
  4.8459066681622559E+01   -1.0869840631610660E-03    4.8459066681622559E+01   -9.1671462565219262E-03
  4.8616146314302050E+01   -1.0800729379285248E-03    4.8616146314302050E+01   -9.1383599401586319E-03
  4.8773225946981540E+01   -1.0732271975214150E-03    4.8773225946981540E+01   -9.1097511917176341E-03
  4.8930305579661031E+01   -1.0664460237539068E-03    4.8930305579661031E+01   -9.0813183989519129E-03
  4.9087385212340514E+01   -1.0597286111350705E-03    4.9087385212340514E+01   -9.0530599687383938E-03
  4.9244464845020005E+01   -1.0530741666344254E-03    4.9244464845020005E+01   -9.0249743268007668E-03
  4.9401544477699495E+01   -1.0464819094525015E-03    4.9401544477699495E+01   -8.9970599174370135E-03
  4.9558624110378986E+01   -1.0399510707962847E-03    4.9558624110378986E+01   -8.9693152032515149E-03
  4.9715703743058477E+01   -1.0334808936594371E-03    4.9715703743058477E+01   -8.9417386648917071E-03
  4.9872783375737967E+01   -1.0270706326071710E-03    4.9872783375737967E+01   -8.9143288007891373E-03
  5.0029863008417458E+01   -1.0207195535656688E-03    5.0029863008417458E+01   -8.8870841269048980E-03
  5.0186942641096948E+01   -1.0144269336159338E-03    5.0186942641096948E+01   -8.8600031764793034E-03
  5.0344022273776432E+01   -1.0081920607919763E-03    5.0344022273776432E+01   -8.8330844997857576E-03
  5.0501101906455922E+01   -1.0020142338832202E-03    5.0501101906455922E+01   -8.8063266638887267E-03
  5.0658181539135413E+01   -9.9589276224103956E-04    5.0658181539135413E+01   -8.7797282524057444E-03
  5.0815261171814903E+01   -9.8982696558932298E-04    5.0815261171814903E+01   -8.7532878652733601E-03
  5.0972340804494394E+01   -9.8381617383896621E-04    5.0972340804494394E+01   -8.7270041185169584E-03
  5.1129420437173884E+01   -9.7785972690621315E-04    5.1129420437173884E+01   -8.7008756440244053E-03
  5.1286500069853375E+01   -9.7195697453474072E-04    5.1286500069853375E+01   -8.6749010893233999E-03
  5.1443579702532865E+01   -9.6610727612141015E-04    5.1443579702532865E+01   -8.6490791173625126E-03
  5.1600659335212349E+01   -9.6031000054559333E-04    5.1600659335212349E+01   -8.6234084062957999E-03
  5.1757738967891839E+01   -9.5456452600199248E-04    5.1757738967891839E+01   -8.5978876492709549E-03
  5.1914818600571330E+01   -9.4887023983687615E-04    5.1914818600571330E+01   -8.5725155542209202E-03
  5.2071898233250820E+01   -9.4322653838764439E-04    5.2071898233250820E+01   -8.5472908436589005E-03
  5.2228977865930311E+01   -9.3763282682565361E-04    5.2228977865930311E+01   -8.5222122544766996E-03
  5.2386057498609802E+01   -9.3208851900222116E-04    5.2386057498609802E+01   -8.4972785377463410E-03
  5.2543137131289292E+01   -9.2659303729774147E-04    5.2543137131289292E+01   -8.4724884585249023E-03
  5.2700216763968783E+01   -9.2114581247383599E-04    5.2700216763968783E+01   -8.4478407956624871E-03
  5.2857296396648266E+01   -9.1574628352847473E-04    5.2857296396648266E+01   -8.4233343416133220E-03
  5.3014376029327757E+01   -9.1039389755399544E-04    5.3014376029327757E+01   -8.3989679022498549E-03
  5.3171455662007247E+01   -9.0508810959795936E-04    5.3171455662007247E+01   -8.3747402966798702E-03
  5.3328535294686738E+01   -8.9982838252677803E-04    5.3328535294686738E+01   -8.3506503570665146E-03
  5.3485614927366228E+01   -8.9461418689204411E-04    5.3485614927366228E+01   -8.3266969284512028E-03
  5.3642694560045719E+01   -8.8944500079951485E-04    5.3642694560045719E+01   -8.3028788685793452E-03
  5.3799774192725209E+01   -8.8432030978067829E-04    5.3799774192725209E+01   -8.2791950477288552E-03
  5.3956853825404700E+01   -8.7923960666684998E-04    5.3956853825404700E+01   -8.2556443485413602E-03
  5.4113933458084183E+01   -8.7420239146574527E-04    5.4113933458084183E+01   -8.2322256658561074E-03
  5.4271013090763674E+01   -8.6920817124046441E-04    5.4271013090763674E+01   -8.2089379065464711E-03
  5.4428092723443164E+01   -8.6425645999084770E-04    5.4428092723443164E+01   -8.1857799893590658E-03
  5.4585172356122655E+01   -8.5934677853713719E-04    5.4585172356122655E+01   -8.1627508447553575E-03
  5.4742251988802145E+01   -8.5447865440590109E-04    5.4742251988802145E+01   -8.1398494147557829E-03
  5.4899331621481636E+01   -8.4965162171816934E-04    5.4899331621481636E+01   -8.1170746527863009E-03
  5.5056411254161127E+01   -8.4486522107973013E-04    5.5056411254161127E+01   -8.0944255235273453E-03
  5.5213490886840617E+01   -8.4011899947354131E-04    5.5213490886840617E+01   -8.0719010027651208E-03
  5.5370570519520101E+01   -8.3541251015421196E-04    5.5370570519520101E+01   -8.0495000772452373E-03
  5.5527650152199591E+01   -8.3074531254450246E-04    5.5527650152199591E+01   -8.0272217445285805E-03
  5.5684729784879082E+01   -8.2611697213380998E-04    5.5684729784879082E+01   -8.0050650128494424E-03
  5.5841809417558572E+01   -8.2152706037858588E-04    5.5841809417558572E+01   -7.9830289009758353E-03
  5.5998889050238063E+01   -8.1697515460464913E-04    5.5998889050238063E+01   -7.9611124380719513E-03
  5.6155968682917553E+01   -8.1246083791135216E-04    5.6155968682917553E+01   -7.9393146635627458E-03
  5.6313048315597044E+01   -8.0798369907756089E-04    5.6313048315597044E+01   -7.9176346270005988E-03
  5.6470127948276534E+01   -8.0354333246940974E-04    5.6470127948276534E+01   -7.8960713879340123E-03
  5.6627207580956018E+01   -7.9913933794979264E-04    5.6627207580956018E+01   -7.8746240157783181E-03
  5.6784287213635508E+01   -7.9477132078955225E-04    5.6784287213635508E+01   -7.8532915896883590E-03
  5.6941366846314999E+01   -7.9043889158033535E-04    5.6941366846314999E+01   -7.8320731984330982E-03
  5.7098446478994489E+01   -7.8614166614907229E-04    5.7098446478994489E+01   -7.8109679402721391E-03
  5.7255526111673980E+01   -7.8187926547405352E-04    5.7255526111673980E+01   -7.7899749228341163E-03
  5.7412605744353471E+01   -7.7765131560256261E-04    5.7412605744353471E+01   -7.7690932629969163E-03
  5.7569685377032961E+01   -7.7345744757003774E-04    5.7569685377032961E+01   -7.7483220867697097E-03
  5.7726765009712452E+01   -7.6929729732072658E-04    5.7726765009712452E+01   -7.7276605291767544E-03
  5.7883844642391935E+01   -7.6517050562980595E-04    5.7883844642391935E+01   -7.7071077341429517E-03
  5.8040924275071426E+01   -7.6107671802693171E-04    5.8040924275071426E+01   -7.6866628543811027E-03
  5.8198003907750916E+01   -7.5701558472119409E-04    5.8198003907750916E+01   -7.6663250512808640E-03
  5.8355083540430407E+01   -7.5298676052744330E-04    5.8355083540430407E+01   -7.6460934947993435E-03
  5.8512163173109897E+01   -7.4898990479396288E-04    5.8512163173109897E+01   -7.6259673633533439E-03
  5.8669242805789388E+01   -7.4502468133145778E-04    5.8669242805789388E+01   -7.6059458437131864E-03
  5.8826322438468878E+01   -7.4109075834333281E-04    5.8826322438468878E+01   -7.5860281308981169E-03
  5.8983402071148369E+01   -7.3718780835723601E-04    5.8983402071148369E+01   -7.5662134280732605E-03
  5.9140481703827852E+01   -7.3331550815783559E-04    5.9140481703827852E+01   -7.5465009464480903E-03
  5.9297561336507343E+01   -7.2947353872081190E-04    5.9297561336507343E+01   -7.5268899051763932E-03
  5.9454640969186833E+01   -7.2566158514803436E-04    5.9454640969186833E+01   -7.5073795312577017E-03
  5.9611720601866324E+01   -7.2187933660390255E-04    5.9611720601866324E+01   -7.4879690594401799E-03
  5.9768800234545814E+01   -7.1812648625282417E-04    5.9768800234545814E+01   -7.4686577321249111E-03
  5.9925879867225305E+01   -7.1440273119781155E-04    5.9925879867225305E+01   -7.4494447992716024E-03
  6.0082959499904796E+01   -7.1070777242016872E-04    6.0082959499904796E+01   -7.4303295183056478E-03
  6.0240039132584286E+01   -7.0704131472025143E-04    6.0240039132584286E+01   -7.4113111540265453E-03
  6.0397118765263770E+01   -7.0340306665927696E-04    6.0397118765263770E+01   -7.3923889785176477E-03
  6.0554198397943260E+01   -6.9979274050215902E-04    6.0554198397943260E+01   -7.3735622710572038E-03
  6.0711278030622751E+01   -6.9621005216135515E-04    6.0711278030622751E+01   -7.3548303180307013E-03
  6.0868357663302241E+01   -6.9265472114169845E-04    6.0868357663302241E+01   -7.3361924128444635E-03
  6.1025437295981732E+01   -6.8912647048619772E-04    6.1025437295981732E+01   -7.3176478558404810E-03
  6.1182516928661222E+01   -6.8562502672278613E-04    6.1182516928661222E+01   -7.2991959542124769E-03
  6.1339596561340713E+01   -6.8215011981200067E-04    6.1339596561340713E+01   -7.2808360219231687E-03
  6.1496676194020203E+01   -6.7870148309557134E-04    6.1496676194020203E+01   -7.2625673796227084E-03
  6.1653755826699687E+01   -6.7527885324590445E-04    6.1653755826699687E+01   -7.2443893545682866E-03
  6.1810835459379177E+01   -6.7188197021644000E-04    6.1810835459379177E+01   -7.2263012805448773E-03
  6.1967915092058668E+01   -6.6851057719287052E-04    6.1967915092058668E+01   -7.2083024977871194E-03
  6.2124994724738158E+01   -6.6516442054519794E-04    6.2124994724738158E+01   -7.1903923529022841E-03
  6.2282074357417649E+01   -6.6184324978061672E-04    6.2282074357417649E+01   -7.1725701987943435E-03
  6.2439153990097140E+01   -6.5854681749720674E-04    6.2439153990097140E+01   -7.1548353945891097E-03
  6.2596233622776630E+01   -6.5527487933841780E-04    6.2596233622776630E+01   -7.1371873055604213E-03
  6.2753313255456121E+01   -6.5202719394833266E-04    6.2753313255456121E+01   -7.1196253030573718E-03
  6.2910392888135604E+01   -6.4880352292769213E-04    6.2910392888135604E+01   -7.1021487644325511E-03
  6.3067472520815095E+01   -6.4560363079066733E-04    6.3067472520815095E+01   -7.0847570729712928E-03
  6.3224552153494585E+01   -6.4242728492236749E-04    6.3224552153494585E+01   -7.0674496178219125E-03
  6.3381631786174076E+01   -6.3927425553706406E-04    6.3381631786174076E+01   -7.0502257939269123E-03
  6.3538711418853566E+01   -6.3614431563712175E-04    6.3538711418853566E+01   -7.0330850019551389E-03
  6.3695791051533057E+01   -6.3303724097262112E-04    6.3695791051533057E+01   -7.0160266482348884E-03
  6.3852870684212547E+01   -6.2995281000165953E-04    6.3852870684212547E+01   -6.9990501446879315E-03
  6.4009950316892031E+01   -6.2689080385131815E-04    6.4009950316892031E+01   -6.9821549087644517E-03
  6.4167029949571528E+01   -6.2385100627928008E-04    6.4167029949571528E+01   -6.9653403633788752E-03
  6.4324109582251012E+01   -6.2083320363609279E-04    6.4324109582251012E+01   -6.9486059368465917E-03
  6.4481189214930509E+01   -6.1783718482805400E-04    6.4481189214930509E+01   -6.9319510628215349E-03
  6.4638268847609993E+01   -6.1486274128071735E-04    6.4638268847609993E+01   -6.9153751802346177E-03
  6.4795348480289476E+01   -6.1190966690300287E-04    6.4795348480289476E+01   -6.8988777332330163E-03
  6.4952428112968974E+01   -6.0897775805189786E-04    6.4952428112968974E+01   -6.8824581711202665E-03
  6.5109507745648457E+01   -6.0606681349774458E-04    6.5109507745648457E+01   -6.8661159482972002E-03
  6.5266587378327955E+01   -6.0317663439009425E-04    6.5266587378327955E+01   -6.8498505242036494E-03
  6.5423667011007439E+01   -6.0030702422412640E-04    6.5423667011007439E+01   -6.8336613632609738E-03
  6.5580746643686936E+01   -5.9745778880761474E-04    6.5580746643686936E+01   -6.8175479348153408E-03
  6.5737826276366420E+01   -5.9462873622843546E-04    6.5737826276366420E+01   -6.8015097130817827E-03
  6.5894905909045917E+01   -5.9181967682260322E-04    6.5894905909045917E+01   -6.7855461770890040E-03
  6.6051985541725401E+01   -5.8903042314283028E-04    6.6051985541725401E+01   -6.7696568106249341E-03
  6.6209065174404884E+01   -5.8626078992759156E-04    6.6209065174404884E+01   -6.7538411021829921E-03
  6.6366144807084382E+01   -5.8351059407069539E-04    6.6366144807084382E+01   -6.7380985449091027E-03
  6.6523224439763865E+01   -5.8077965459134425E-04    6.6523224439763865E+01   -6.7224286365493912E-03
  6.6680304072443363E+01   -5.7806779260467561E-04    6.6680304072443363E+01   -6.7068308793985830E-03
  6.6837383705122846E+01   -5.7537483129278203E-04    6.6837383705122846E+01   -6.6913047802491009E-03
  6.6994463337802344E+01   -5.7270059587619148E-04    6.6994463337802344E+01   -6.6758498503408188E-03
  6.7151542970481827E+01   -5.7004491358580826E-04    6.7151542970481827E+01   -6.6604656053115014E-03
  6.7308622603161311E+01   -5.6740761363529841E-04    6.7308622603161311E+01   -6.6451515651478757E-03
  6.7465702235840808E+01   -5.6478852719391915E-04    6.7465702235840808E+01   -6.6299072541373683E-03
  6.7622781868520292E+01   -5.6218748735977972E-04    6.7622781868520292E+01   -6.6147322008204747E-03
  6.7779861501199790E+01   -5.5960432913352372E-04    6.7779861501199790E+01   -6.5996259379437362E-03
  6.7936941133879273E+01   -5.5703888939243247E-04    6.7936941133879273E+01   -6.5845880024133557E-03
  6.8094020766558771E+01   -5.5449100686493522E-04    6.8094020766558771E+01   -6.5696179352494107E-03
  6.8251100399238254E+01   -5.5196052210552168E-04    6.8251100399238254E+01   -6.5547152815406623E-03
  6.8408180031917752E+01   -5.4944727747004965E-04    6.8408180031917752E+01   -6.5398795903999565E-03
  6.8565259664597235E+01   -5.4695111709144066E-04    6.8565259664597235E+01   -6.5251104149202047E-03
  6.8722339297276719E+01   -5.4447188685575391E-04    6.8722339297276719E+01   -6.5104073121309324E-03
  6.8879418929956216E+01   -5.4200943437863883E-04    6.8879418929956216E+01   -6.4957698429553958E-03
  6.9036498562635700E+01   -5.3956360898215058E-04    6.9036498562635700E+01   -6.4811975721682539E-03
  6.9193578195315197E+01   -5.3713426167192825E-04    6.9193578195315197E+01   -6.4666900683537747E-03
  6.9350657827994681E+01   -5.3472124511472761E-04    6.9350657827994681E+01   -6.4522469038645943E-03
  6.9507737460674178E+01   -5.3232441361630064E-04    6.9507737460674178E+01   -6.4378676547809941E-03
  6.9664817093353662E+01   -5.2994362309962057E-04    6.9664817093353662E+01   -6.4235519008707161E-03
  6.9821896726033145E+01   -5.2757873108343696E-04    6.9821896726033145E+01   -6.4092992255492670E-03
  6.9978976358712643E+01   -5.2522959666116687E-04    6.9978976358712643E+01   -6.3951092158407519E-03
  7.0136055991392126E+01   -5.2289608048010784E-04    7.0136055991392126E+01   -6.3809814623392060E-03
  7.0293135624071624E+01   -5.2057804472096798E-04    7.0293135624071624E+01   -6.3669155591703983E-03
  7.0450215256751108E+01   -5.1827535307771237E-04    7.0450215256751108E+01   -6.3529111039541441E-03
  7.0607294889430605E+01   -5.1598787073771390E-04    7.0607294889430605E+01   -6.3389676977670777E-03
  7.0764374522110089E+01   -5.1371546436220980E-04    7.0764374522110089E+01   -6.3250849451059101E-03
  7.0921454154789586E+01   -5.1145800206705172E-04    7.0921454154789586E+01   -6.3112624538511361E-03
  7.1078533787469070E+01   -5.0921535340375118E-04    7.1078533787469070E+01   -6.2974998352312130E-03
  7.1235613420148553E+01   -5.0698738934080848E-04    7.1235613420148553E+01   -6.2837967037871739E-03
  7.1392693052828051E+01   -5.0477398224532623E-04    7.1392693052828051E+01   -6.2701526773376991E-03
  7.1549772685507534E+01   -5.0257500586489950E-04    7.1549772685507534E+01   -6.2565673769446242E-03
  7.1706852318187032E+01   -5.0039033530977666E-04    7.1706852318187032E+01   -6.2430404268788604E-03
  7.1863931950866515E+01   -4.9821984703529059E-04    7.1863931950866515E+01   -6.2295714545867690E-03
  7.2021011583546013E+01   -4.9606341882454995E-04    7.2021011583546013E+01   -6.2161600906569282E-03
  7.2178091216225496E+01   -4.9392092977139249E-04    7.2178091216225496E+01   -6.2028059687873338E-03
  7.2335170848904980E+01   -4.9179226026358966E-04    7.2335170848904980E+01   -6.1895087257529896E-03
  7.2492250481584477E+01   -4.8967729196630247E-04    7.2492250481584477E+01   -6.1762680013739083E-03
  7.2649330114263961E+01   -4.8757590780578391E-04    7.2649330114263961E+01   -6.1630834384835105E-03
  7.2806409746943459E+01   -4.8548799195332042E-04    7.2806409746943459E+01   -6.1499546828974036E-03
  7.2963489379622942E+01   -4.8341342980941389E-04    7.2963489379622942E+01   -6.1368813833825517E-03
  7.3120569012302440E+01   -4.8135210798819434E-04    7.3120569012302440E+01   -6.1238631916268231E-03
  7.3277648644981923E+01   -4.7930391430206493E-04    7.3277648644981923E+01   -6.1108997622089127E-03
  7.3434728277661421E+01   -4.7726873774656928E-04    7.3434728277661421E+01   -6.0979907525686248E-03
  7.3591807910340904E+01   -4.7524646848548453E-04    7.3591807910340904E+01   -6.0851358229775318E-03
  7.3748887543020388E+01   -4.7323699783612968E-04    7.3748887543020388E+01   -6.0723346365099762E-03
  7.3905967175699885E+01   -4.7124021825488947E-04    7.3905967175699885E+01   -6.0595868590144365E-03
  7.4063046808379369E+01   -4.6925602332295076E-04    7.4063046808379369E+01   -6.0468921590852379E-03
  7.4220126441058866E+01   -4.6728430773224333E-04    7.4220126441058866E+01   -6.0342502080345988E-03
  7.4377206073738350E+01   -4.6532496727158784E-04    7.4377206073738350E+01   -6.0216606798650279E-03
  7.4534285706417847E+01   -4.6337789881304293E-04    7.4534285706417847E+01   -6.0091232512420470E-03
  7.4691365339097331E+01   -4.6144300029844987E-04    7.4691365339097331E+01   -5.9966376014672380E-03
  7.4848444971776814E+01   -4.5952017072617136E-04    7.4848444971776814E+01   -5.9842034124516245E-03
  7.5005524604456312E+01   -4.5760931013802170E-04    7.5005524604456312E+01   -5.9718203686893673E-03
  7.5162604237135795E+01   -4.5571031960638542E-04    7.5162604237135795E+01   -5.9594881572317777E-03
  7.5319683869815293E+01   -4.5382310122151815E-04    7.5319683869815293E+01   -5.9472064676616343E-03
  7.5476763502494777E+01   -4.5194755807903271E-04    7.5476763502494777E+01   -5.9349749920678176E-03
  7.5633843135174274E+01   -4.5008359426756061E-04    7.5633843135174274E+01   -5.9227934250202386E-03
  7.5790922767853758E+01   -4.4823111485659315E-04    7.5790922767853758E+01   -5.9106614635450697E-03
  7.5948002400533255E+01   -4.4639002588449058E-04    7.5948002400533255E+01   -5.8985788071002632E-03
  7.6105082033212739E+01   -4.4456023434666782E-04    7.6105082033212739E+01   -5.8865451575513747E-03
  7.6262161665892222E+01   -4.4274164818394144E-04    7.6262161665892222E+01   -5.8745602191476506E-03
  7.6419241298571720E+01   -4.4093417627104532E-04    7.6419241298571720E+01   -5.8626236984984171E-03
  7.6576320931251203E+01   -4.3913772840530789E-04    7.6576320931251203E+01   -5.8507353045497423E-03
  7.6733400563930701E+01   -4.3735221529548685E-04    7.6733400563930701E+01   -5.8388947485613595E-03
  7.6890480196610184E+01   -4.3557754855076458E-04    7.6890480196610184E+01   -5.8271017440838903E-03
  7.7047559829289682E+01   -4.3381364066989297E-04    7.7047559829289682E+01   -5.8153560069362942E-03
  7.7204639461969165E+01   -4.3206040503049580E-04    7.7204639461969165E+01   -5.8036572551836271E-03
  7.7361719094648649E+01   -4.3031775587851586E-04    7.7361719094648649E+01   -5.7920052091150215E-03
  7.7518798727328146E+01   -4.2858560831781218E-04    7.7518798727328146E+01   -5.7803995912219432E-03
  7.7675878360007630E+01   -4.2686387829990138E-04    7.7675878360007630E+01   -5.7688401261766992E-03
  7.7832957992687128E+01   -4.2515248261384124E-04    7.7832957992687128E+01   -5.7573265408111876E-03
  7.7990037625366611E+01   -4.2345133887625478E-04    7.7990037625366611E+01   -5.7458585640959058E-03
  7.8147117258046109E+01   -4.2176036552149201E-04    7.8147117258046109E+01   -5.7344359271191822E-03
  7.8304196890725592E+01   -4.2007948179192858E-04    7.8304196890725592E+01   -5.7230583630666718E-03
  7.8461276523405090E+01   -4.1840860772839722E-04    7.8461276523405090E+01   -5.7117256072010698E-03
  7.8618356156084573E+01   -4.1674766416075176E-04    7.8618356156084573E+01   -5.7004373968420671E-03
  7.8775435788764057E+01   -4.1509657269855931E-04    7.8775435788764057E+01   -5.6891934713465316E-03
  7.8932515421443554E+01   -4.1345525572192130E-04    7.8932515421443554E+01   -5.6779935720889180E-03
  7.9089595054123038E+01   -4.1182363637242038E-04    7.9089595054123038E+01   -5.6668374424419087E-03
  7.9246674686802535E+01   -4.1020163854418943E-04    7.9246674686802535E+01   -5.6557248277572612E-03
  7.9403754319482019E+01   -4.0858918687510415E-04    7.9403754319482019E+01   -5.6446554753468931E-03
  7.9560833952161516E+01   -4.0698620673809265E-04    7.9560833952161516E+01   -5.6336291344641545E-03
  7.9717913584841000E+01   -4.0539262423256757E-04    7.9717913584841000E+01   -5.6226455562853528E-03
  7.9874993217520483E+01   -4.0380836617596874E-04    7.9874993217520483E+01   -5.6117044938914428E-03
  8.0032072850199981E+01   -4.0223336009542521E-04    8.0032072850199981E+01   -5.6008057022499599E-03
  8.0189152482879464E+01   -4.0066753421952691E-04    8.0189152482879464E+01   -5.5899489381971371E-03
  8.0346232115558962E+01   -3.9911081747020757E-04    8.0346232115558962E+01   -5.5791339604202321E-03
  8.0503311748238445E+01   -3.9756313945473831E-04    8.0503311748238445E+01   -5.5683605294400479E-03
  8.0660391380917943E+01   -3.9602443045782626E-04    8.0660391380917943E+01   -5.5576284075936570E-03
  8.0817471013597427E+01   -3.9449462143382194E-04    8.0817471013597427E+01   -5.5469373590173151E-03
  8.0974550646276924E+01   -3.9297364399902752E-04    8.0974550646276924E+01   -5.5362871496295579E-03
  8.1131630278956408E+01   -3.9146143042411173E-04    8.1131630278956408E+01   -5.5256775471145122E-03
  8.1288709911635891E+01   -3.8995791362662099E-04    8.1288709911635891E+01   -5.5151083209053582E-03
  8.1445789544315389E+01   -3.8846302716359524E-04    8.1445789544315389E+01   -5.5045792421680060E-03
  8.1602869176994872E+01   -3.8697670522427782E-04    8.1602869176994872E+01   -5.4940900837849374E-03
  8.1759948809674370E+01   -3.8549888262292376E-04    8.1759948809674370E+01   -5.4836406203392319E-03
  8.1917028442353853E+01   -3.8402949479170352E-04    8.1917028442353853E+01   -5.4732306280987726E-03
  8.2074108075033351E+01   -3.8256847777369795E-04    8.2074108075033351E+01   -5.4628598850006123E-03
  8.2231187707712834E+01   -3.8111576821598959E-04    8.2231187707712834E+01   -5.4525281706355429E-03
  8.2388267340392318E+01   -3.7967130336284059E-04    8.2388267340392318E+01   -5.4422352662327929E-03
  8.2545346973071815E+01   -3.7823502104896296E-04    8.2545346973071815E+01   -5.4319809546449320E-03
  8.2702426605751299E+01   -3.7680685969287639E-04    8.2702426605751299E+01   -5.4217650203329196E-03
  8.2859506238430797E+01   -3.7538675829035186E-04    8.2859506238430797E+01   -5.4115872493513198E-03
  8.3016585871110280E+01   -3.7397465640794249E-04    8.3016585871110280E+01   -5.4014474293336886E-03
  8.3173665503789778E+01   -3.7257049417659712E-04    8.3173665503789778E+01   -5.3913453494781024E-03
  8.3330745136469261E+01   -3.7117421228535839E-04    8.3330745136469261E+01   -5.3812808005328705E-03
  8.3487824769148759E+01   -3.6978575197514098E-04    8.3487824769148759E+01   -5.3712535747823687E-03
  8.3644904401828242E+01   -3.6840505503259223E-04    8.3644904401828242E+01   -5.3612634660330644E-03
  8.3801984034507726E+01   -3.6703206378403133E-04    8.3801984034507726E+01   -5.3513102695996661E-03
  8.3959063667187223E+01   -3.6566672108946565E-04    8.3959063667187223E+01   -5.3413937822914277E-03
  8.4116143299866707E+01   -3.6430897033668723E-04    8.4116143299866707E+01   -5.3315138023986167E-03
  8.4273222932546204E+01   -3.6295875543544101E-04    8.4273222932546204E+01   -5.3216701296791048E-03
  8.4430302565225688E+01   -3.6161602081167236E-04    8.4430302565225688E+01   -5.3118625653451245E-03
  8.4587382197905185E+01   -3.6028071140184486E-04    8.4587382197905185E+01   -5.3020909120501522E-03
  8.4744461830584669E+01   -3.5895277264733240E-04    8.4744461830584669E+01   -5.2923549738759417E-03
  8.4901541463264152E+01   -3.5763215048888305E-04    8.4901541463264152E+01   -5.2826545563196920E-03
  8.5058621095943650E+01   -3.5631879136115250E-04    8.5058621095943650E+01   -5.2729894662813560E-03
  8.5215700728623133E+01   -3.5501264218730814E-04    8.5215700728623133E+01   -5.2633595120510799E-03
  8.5372780361302631E+01   -3.5371365037370077E-04    8.5372780361302631E+01   -5.2537645032967829E-03
  8.5529859993982114E+01   -3.5242176380460507E-04    8.5529859993982114E+01   -5.2442042510518639E-03
  8.5686939626661612E+01   -3.5113693083702459E-04    8.5686939626661612E+01   -5.2346785677030378E-03
  8.5844019259341096E+01   -3.4985910029556504E-04    8.5844019259341096E+01   -5.2251872669783110E-03
  8.6001098892020593E+01   -3.4858822146736972E-04    8.6001098892020593E+01   -5.2157301639350687E-03
  8.6158178524700077E+01   -3.4732424409712103E-04    8.6158178524700077E+01   -5.2063070749483031E-03
  8.6315258157379560E+01   -3.4606711838210255E-04    8.6315258157379560E+01   -5.1969178176989551E-03
  8.6472337790059058E+01   -3.4481679496732424E-04    8.6472337790059058E+01   -5.1875622111623833E-03
  8.6629417422738541E+01   -3.4357322494071006E-04    8.6629417422738541E+01   -5.1782400755969590E-03
  8.6786497055418039E+01   -3.4233635982834192E-04    8.6786497055418039E+01   -5.1689512325327671E-03
  8.6943576688097522E+01   -3.4110615158976747E-04    8.6943576688097522E+01   -5.1596955047604441E-03
  8.7100656320777020E+01   -3.3988255261336323E-04    8.7100656320777020E+01   -5.1504727163201158E-03
  8.7257735953456503E+01   -3.3866551571175616E-04    8.7257735953456503E+01   -5.1412826924904639E-03
  8.7414815586135987E+01   -3.3745499411730318E-04    8.7414815586135987E+01   -5.1321252597778940E-03
  8.7571895218815484E+01   -3.3625094147762488E-04    8.7571895218815484E+01   -5.1230002459058304E-03
  8.7728974851494968E+01   -3.3505331185119616E-04    8.7728974851494968E+01   -5.1139074798041105E-03
  8.7886054484174466E+01   -3.3386205970299009E-04    8.7886054484174466E+01   -5.1048467915984965E-03
  8.8043134116853949E+01   -3.3267713990017611E-04    8.8043134116853949E+01   -5.0958180126002908E-03
  8.8200213749533447E+01   -3.3149850770787124E-04    8.8200213749533447E+01   -5.0868209752960641E-03
  8.8357293382212930E+01   -3.3032611878494296E-04    8.8357293382212930E+01   -5.0778555133374845E-03
  8.8514373014892428E+01   -3.2915992917986379E-04    8.8514373014892428E+01   -5.0689214615312539E-03
  8.8671452647571911E+01   -3.2799989532661741E-04    8.8671452647571911E+01   -5.0600186558291500E-03
  8.8828532280251395E+01   -3.2684597404065307E-04    8.8828532280251395E+01   -5.0511469333181652E-03
  8.8985611912930892E+01   -3.2569812251489089E-04    8.8985611912930892E+01   -5.0423061322107535E-03
  8.9142691545610376E+01   -3.2455629831577599E-04    8.9142691545610376E+01   -5.0334960918351733E-03
  8.9299771178289873E+01   -3.2342045937937833E-04    8.9299771178289873E+01   -5.0247166526259240E-03
  8.9456850810969357E+01   -3.2229056400754328E-04    8.9456850810969357E+01   -5.0159676561142971E-03
  8.9613930443648854E+01   -3.2116657086408529E-04    8.9613930443648854E+01   -5.0072489449189987E-03
  8.9771010076328338E+01   -3.2004843897103083E-04    8.9771010076328338E+01   -4.9985603627368926E-03
  8.9928089709007821E+01   -3.1893612770490456E-04    8.9928089709007821E+01   -4.9899017543338199E-03
  9.0085169341687319E+01   -3.1782959679306028E-04    9.0085169341687319E+01   -4.9812729655355163E-03
  9.0242248974366802E+01   -3.1672880631005806E-04    9.0242248974366802E+01   -4.9726738432186316E-03
  9.0399328607046300E+01   -3.1563371667408239E-04    9.0399328607046300E+01   -4.9641042353018184E-03
  9.0556408239725783E+01   -3.1454428864340506E-04    9.0556408239725783E+01   -4.9555639907369374E-03
  9.0713487872405281E+01   -3.1346048331288911E-04    9.0713487872405281E+01   -4.9470529595003251E-03
  9.0870567505084765E+01   -3.1238226211053601E-04    9.0870567505084765E+01   -4.9385709925841717E-03
  9.1027647137764262E+01   -3.1130958679407233E-04    9.1027647137764262E+01   -4.9301179419879663E-03
  9.1184726770443746E+01   -3.1024241944757890E-04    9.1184726770443746E+01   -4.9216936607100496E-03
  9.1341806403123229E+01   -3.0918072247815824E-04    9.1341806403123229E+01   -4.9132980027392264E-03
  9.1498886035802727E+01   -3.0812445861264315E-04    9.1498886035802727E+01   -4.9049308230464817E-03
  9.1655965668482210E+01   -3.0707359089434343E-04    9.1655965668482210E+01   -4.8965919775767718E-03
  9.1813045301161708E+01   -3.0602808267983083E-04    9.1813045301161708E+01   -4.8882813232408954E-03
  9.1970124933841191E+01   -3.0498789763576341E-04    9.1970124933841191E+01   -4.8799987179074505E-03
  9.2127204566520689E+01   -3.0395299973574527E-04    9.2127204566520689E+01   -4.8717440203948645E-03
  9.2284284199200172E+01   -3.0292335325722520E-04    9.2284284199200172E+01   -4.8635170904635155E-03
  9.2441363831879656E+01   -3.0189892277843064E-04    9.2441363831879656E+01   -4.8553177888079127E-03
  9.2598443464559153E+01   -3.0087967317533746E-04    9.2598443464559153E+01   -4.8471459770489719E-03
  9.2755523097238637E+01   -2.9986556961867700E-04    9.2755523097238637E+01   -4.8390015177263634E-03
  9.2912602729918135E+01   -2.9885657757097549E-04    9.2912602729918135E+01   -4.8308842742909230E-03
  9.3069682362597618E+01   -2.9785266278363004E-04    9.3069682362597618E+01   -4.8227941110971532E-03
  9.3226761995277116E+01   -2.9685379129401791E-04    9.3226761995277116E+01   -4.8147308933957911E-03
  9.3383841627956599E+01   -2.9585992942263975E-04    9.3383841627956599E+01   -4.8066944873264503E-03
  9.3540921260636097E+01   -2.9487104377029565E-04    9.3540921260636097E+01   -4.7986847599103301E-03
  9.3698000893315580E+01   -2.9388710121529412E-04    9.3698000893315580E+01   -4.7907015790430059E-03
  9.3855080525995064E+01   -2.9290806891069397E-04    9.3855080525995064E+01   -4.7827448134872838E-03
  9.4012160158674561E+01   -2.9193391428157647E-04    9.4012160158674561E+01   -4.7748143328661188E-03
  9.4169239791354045E+01   -2.9096460502235156E-04    9.4169239791354045E+01   -4.7669100076556201E-03
  9.4326319424033542E+01   -2.9000010909409205E-04    9.4326319424033542E+01   -4.7590317091781003E-03
  9.4483399056713026E+01   -2.8904039472190150E-04    9.4483399056713026E+01   -4.7511793095952153E-03
  9.4640478689392523E+01   -2.8808543039230978E-04    9.4640478689392523E+01   -4.7433526819011512E-03
  9.4797558322072007E+01   -2.8713518485070033E-04    9.4797558322072007E+01   -4.7355516999158945E-03
  9.4954637954751490E+01   -2.8618962709876593E-04    9.4954637954751490E+01   -4.7277762382785492E-03
  9.5111717587430988E+01   -2.8524872639199369E-04    9.5111717587430988E+01   -4.7200261724407366E-03
  9.5268797220110471E+01   -2.8431245223717934E-04    9.5268797220110471E+01   -4.7123013786600446E-03
  9.5425876852789969E+01   -2.8338077438996840E-04    9.5425876852789969E+01   -4.7046017339935423E-03
  9.5582956485469452E+01   -2.8245366285242768E-04    9.5582956485469452E+01   -4.6969271162913698E-03
  9.5740036118148950E+01   -2.8153108787064155E-04    9.5740036118148950E+01   -4.6892774041903682E-03
  9.5897115750828434E+01   -2.8061301993233804E-04    9.5897115750828434E+01   -4.6816524771077905E-03
  9.6054195383507931E+01   -2.7969942976453972E-04    9.6054195383507931E+01   -4.6740522152350552E-03
  9.6211275016187415E+01   -2.7879028833124295E-04    9.6211275016187415E+01   -4.6664764995315760E-03
  9.6368354648866898E+01   -2.7788556683112188E-04    9.6368354648866898E+01   -4.6589252117186361E-03
  9.6525434281546396E+01   -2.7698523669525898E-04    9.6525434281546396E+01   -4.6513982342733292E-03
  9.6682513914225879E+01   -2.7608926958490136E-04    9.6682513914225879E+01   -4.6438954504225598E-03
  9.6839593546905377E+01   -2.7519763738924151E-04    9.6839593546905377E+01   -4.6364167441370870E-03
  9.6996673179584860E+01   -2.7431031222322378E-04    9.6996673179584860E+01   -4.6289620001256429E-03
  9.7153752812264358E+01   -2.7342726642537446E-04    9.7153752812264358E+01   -4.6215311038290902E-03
  9.7310832444943841E+01   -2.7254847255565753E-04    9.7310832444943841E+01   -4.6141239414146497E-03
  9.7467912077623325E+01   -2.7167390339335258E-04    9.7467912077623325E+01   -4.6067403997701673E-03
  9.7624991710302822E+01   -2.7080353193495785E-04    9.7624991710302822E+01   -4.5993803664984498E-03
  9.7782071342982306E+01   -2.6993733139211588E-04    9.7782071342982306E+01   -4.5920437299116403E-03
  9.7939150975661803E+01   -2.6907527518956224E-04    9.7939150975661803E+01   -4.5847303790256533E-03
  9.8096230608341287E+01   -2.6821733696309746E-04    9.8096230608341287E+01   -4.5774402035546691E-03
  9.8253310241020785E+01   -2.6736349055758062E-04    9.8253310241020785E+01   -4.5701730939056578E-03
  9.8410389873700268E+01   -2.6651371002494608E-04    9.8410389873700268E+01   -4.5629289411729824E-03
  9.8567469506379766E+01   -2.6566796962224125E-04    9.8567469506379766E+01   -4.5557076371330286E-03
  9.8724549139059249E+01   -2.6482624380968649E-04    9.8724549139059249E+01   -4.5485090742388981E-03
  9.8881628771738733E+01   -2.6398850724875639E-04    9.8881628771738733E+01   -4.5413331456151465E-03
  9.9038708404418230E+01   -2.6315473480028147E-04    9.9038708404418230E+01   -4.5341797450525693E-03
  9.9195788037097714E+01   -2.6232490152257196E-04    9.9195788037097714E+01   -4.5270487670030423E-03
  9.9352867669777211E+01   -2.6149898266956067E-04    9.9352867669777211E+01   -4.5199401065743987E-03
  9.9509947302456695E+01   -2.6067695368896753E-04    9.9509947302456695E+01   -4.5128536595253682E-03
  9.9667026935136192E+01   -2.5985879022048271E-04    9.9667026935136192E+01   -4.5057893222605443E-03
  9.9824106567815676E+01   -2.5904446809397124E-04    9.9824106567815676E+01   -4.4987469918254157E-03
  9.9981186200495159E+01   -2.5823396332769574E-04    9.9981186200495159E+01   -4.4917265659014339E-03
