                       w                      Re11                         w                      Im11
  7.8539816339744828E-02    5.3937946667222891E-01    7.8539816339744828E-02   -3.7026986749772964E-02
  2.3561944901923448E-01    5.2703103441483656E-01    2.3561944901923448E-01   -1.0750440247146834E-01
  3.9269908169872414E-01    5.0346759523857920E-01    3.9269908169872414E-01   -1.6881106280360175E-01
  5.4977871437821380E-01    4.7143780349721054E-01    5.4977871437821380E-01   -2.1828938393229136E-01
  7.0685834705770345E-01    4.3455558373793440E-01    7.0685834705770345E-01   -2.5560297097305013E-01
  8.6393797973719311E-01    3.9611783605034634E-01    8.6393797973719311E-01   -2.8183078614717233E-01
  1.0210176124166828E+00    3.5851160381344327E-01    1.0210176124166828E+00   -2.9874006938681308E-01
  1.1780972450961724E+00    3.2318142046004988E-01    1.1780972450961724E+00   -3.0825964326962663E-01
  1.3351768777756621E+00    2.9084041743762429E-01    1.3351768777756621E+00   -3.1216762779702889E-01
  1.4922565104551517E+00    2.6171662075699126E-01    1.4922565104551517E+00   -3.1195667153411344E-01
  1.6493361431346414E+00    2.3575138501126688E-01    1.6493361431346414E+00   -3.0881049504443669E-01
  1.8064157758141310E+00    2.1273540012672720E-01    1.8064157758141310E+00   -3.0363460948312404E-01
  1.9634954084936207E+00    1.9239330123933393E-01    1.9634954084936207E+00   -2.9710548453054419E-01
  2.1205750411731104E+00    1.7443259975104908E-01    2.1205750411731104E+00   -2.8972019245166131E-01
  2.2776546738526000E+00    1.5856999125507029E-01    2.2776546738526000E+00   -2.8183933872485684E-01
  2.4347343065320897E+00    1.4454412397075395E-01    2.4347343065320897E+00   -2.7372153489063766E-01
  2.5918139392115793E+00    1.3212062131483845E-01    2.5918139392115793E+00   -2.6554999308846633E-01
  2.7488935718910690E+00    1.2109287323469949E-01    2.7488935718910690E+00   -2.5745258159918510E-01
  2.9059732045705586E+00    1.1128065867939275E-01    2.9059732045705586E+00   -2.4951675240832871E-01
  3.0630528372500483E+00    1.0252777690088687E-01    3.0630528372500483E+00   -2.4180056899222627E-01
  3.2201324699295379E+00    9.4699340526518419E-02    3.2201324699295379E+00   -2.3434081897035028E-01
  3.3772121026090276E+00    8.7679077700025157E-02    3.3772121026090276E+00   -2.2715896846540917E-01
  3.5342917352885173E+00    8.1366815387037772E-02    3.5342917352885173E+00   -2.2026552665130542E-01
  3.6913713679680069E+00    7.5676217395179449E-02    3.6913713679680069E+00   -2.1366324204181183E-01
  3.8484510006474966E+00    7.0532796753934687E-02    3.8484510006474966E+00   -2.0734944096062499E-01
  4.0055306333269858E+00    6.5872193959511410E-02    4.0055306333269858E+00   -2.0131773603719419E-01
  4.1626102660064763E+00    6.1638699141284378E-02    4.1626102660064763E+00   -1.9555927175364951E-01
  4.3196898986859651E+00    5.7783990975737269E-02    4.3196898986859651E+00   -1.9006362950444175E-01
  4.4767695313654556E+00    5.4266064394306604E-02    4.4767695313654556E+00   -1.8481948204616716E-01
  4.6338491640449444E+00    5.1048320628134226E-02    4.6338491640449444E+00   -1.7981506339814901E-01
  4.7909287967244349E+00    4.8098795666267714E-02    4.7909287967244349E+00   -1.7503850283189495E-01
  4.9480084294039237E+00    4.5389506084318285E-02    4.9480084294039237E+00   -1.7047805882348799E-01
  5.1050880620834143E+00    4.2895894058726049E-02    5.1050880620834143E+00   -1.6612227947350372E-01
  5.2621676947629030E+00    4.0596356033887393E-02    5.2621676947629030E+00   -1.6196010900629046E-01
  5.4192473274423936E+00    3.8471841877308802E-02    5.4192473274423936E+00   -1.5798095487801472E-01
  5.5763269601218823E+00    3.6505513421892323E-02    5.5763269601218823E+00   -1.5417472626665810E-01
  5.7334065928013729E+00    3.4682453065361649E-02    5.7334065928013729E+00   -1.5053185193487828E-01
  5.8904862254808616E+00    3.2989414600367743E-02    5.8904862254808616E+00   -1.4704328339150563E-01
  6.0475658581603522E+00    3.1414609716261623E-02    6.0475658581603522E+00   -1.4370048774170252E-01
  6.2046454908398410E+00    2.9947524676877266E-02    6.2046454908398410E+00   -1.4049543347193130E-01
  6.3617251235193315E+00    2.8578762568035928E-02    6.3617251235193315E+00   -1.3742057156276027E-01
  6.5188047561988203E+00    2.7299907250949110E-02    6.5188047561988203E+00   -1.3446881368571720E-01
  6.6758843888783108E+00    2.6103405776932598E-02    6.6758843888783108E+00   -1.3163350876482044E-01
  6.8329640215577996E+00    2.4982466535169671E-02    6.8329640215577996E+00   -1.2890841882830337E-01
  6.9900436542372901E+00    2.3930970835890981E-02    6.9900436542372901E+00   -1.2628769481107871E-01
  7.1471232869167789E+00    2.2943395990740172E-02    7.1471232869167789E+00   -1.2376585277110017E-01
  7.3042029195962694E+00    2.2014748252341804E-02    7.3042029195962694E+00   -1.2133775083609559E-01
  7.4612825522757582E+00    2.1140504226230771E-02    7.4612825522757582E+00   -1.1899856708855880E-01
  7.6183621849552488E+00    2.0316559578666234E-02    7.6183621849552488E+00   -1.1674377851691826E-01
  7.7754418176347375E+00    1.9539184040339566E-02    7.7754418176347375E+00   -1.1456914110234349E-01
  7.9325214503142281E+00    1.8804981854295865E-02    7.9325214503142281E+00   -1.1247067106833819E-01
  8.0896010829937168E+00    1.8110856941244837E-02    8.0896010829937168E+00   -1.1044462729007422E-01
  8.2466807156732074E+00    1.7453982160736698E-02    8.2466807156732074E+00   -1.0848749483928372E-01
  8.4037603483526961E+00    1.6831772135655433E-02    8.4037603483526961E+00   -1.0659596962615567E-01
  8.5608399810321867E+00    1.6241859182805900E-02    8.5608399810321867E+00   -1.0476694409032894E-01
  8.7179196137116755E+00    1.5682071956263203E-02    8.7179196137116755E+00   -1.0299749388743024E-01
  8.8749992463911660E+00    1.5150416464450036E-02    8.8749992463911660E+00   -1.0128486551467084E-01
  9.0320788790706548E+00    1.4645059168142566E-02    9.0320788790706548E+00   -9.9626464818050056E-02
  9.1891585117501453E+00    1.4164311906049465E-02    9.1891585117501453E+00   -9.8019846324143983E-02
  9.3462381444296341E+00    1.3706618428325287E-02    9.3462381444296341E+00   -9.6462703340868677E-02
  9.5033177771091246E+00    1.3270542347254043E-02    9.5033177771091246E+00   -9.4952858773674986E-02
  9.6603974097886134E+00    1.2854756339114726E-02    9.6603974097886134E+00   -9.3488256606126280E-02
  9.8174770424681039E+00    1.2458032452538006E-02    9.8174770424681039E+00   -9.2066953996552098E-02
  9.9745566751475927E+00    1.2079233397005859E-02    9.9745566751475927E+00   -9.0687113945337197E-02
  1.0131636307827083E+01    1.1717304700970949E-02    1.0131636307827083E+01   -8.9346998490298174E-02
  1.0288715940506572E+01    1.1371267642751429E-02    1.0288715940506572E+01   -8.8044962390460363E-02
  1.0445795573186063E+01    1.1040212869200174E-02    1.0445795573186063E+01   -8.6779447261322376E-02
  1.0602875205865551E+01    1.0723294627420950E-02    1.0602875205865551E+01   -8.5548976127362494E-02
  1.0759954838545042E+01    1.0419725543729358E-02    1.0759954838545042E+01   -8.4352148360072182E-02
  1.0917034471224531E+01    1.0128771891825091E-02    1.0917034471224531E+01   -8.3187634972194266E-02
  1.1074114103904021E+01    9.8497492989139072E-03    1.1074114103904021E+01   -8.2054174241084715E-02
  1.1231193736583510E+01    9.5820188444312830E-03    1.1231193736583510E+01   -8.0950567636213486E-02
  1.1388273369263000E+01    9.3249835111912076E-03    1.1388273369263000E+01   -7.9875676027768225E-02
  1.1545353001942489E+01    9.0780849533137614E-03    1.1545353001942489E+01   -7.8828416155133682E-02
  1.1702432634621980E+01    8.8408005492592694E-03    1.1702432634621980E+01   -7.7807757335693992E-02
  1.1859512267301469E+01    8.6126407117888357E-03    1.1859512267301469E+01   -7.6812718395950899E-02
  1.2016591899980959E+01    8.3931464297434134E-03    1.2016591899980959E+01   -7.5842364808377347E-02
  1.2173671532660448E+01    8.1818870192413712E-03    1.2173671532660448E+01   -7.4895806018740005E-02
  1.2330751165339938E+01    7.9784580642835879E-03    1.2330751165339938E+01   -7.3972192949832330E-02
  1.2487830798019427E+01    7.7824795288668775E-03    1.2487830798019427E+01   -7.3070715668672459E-02
  1.2644910430698918E+01    7.5935940245746483E-03    1.2644910430698918E+01   -7.2190601205240831E-02
  1.2801990063378407E+01    7.4114652192696978E-03    1.2801990063378407E+01   -7.1331111511771350E-02
  1.2959069696057897E+01    7.2357763739828379E-03    1.2959069696057897E+01   -7.0491541552471337E-02
  1.3116149328737386E+01    7.0662289963963534E-03    1.3116149328737386E+01   -6.9671217514336636E-02
  1.3273228961416876E+01    6.9025416004821873E-03    1.3273228961416876E+01   -6.8869495130454289E-02
  1.3430308594096365E+01    6.7444485628889985E-03    1.3430308594096365E+01   -6.8085758107852404E-02
  1.3587388226775856E+01    6.5916990675942014E-03    1.3587388226775856E+01   -6.7319416652568229E-02
  1.3744467859455344E+01    6.4440561311607291E-03    1.3744467859455344E+01   -6.6569906085168093E-02
  1.3901547492134835E+01    6.3012957016739778E-03    1.3901547492134835E+01   -6.5836685540468329E-02
  1.4058627124814324E+01    6.1632058250933371E-03    1.4058627124814324E+01   -6.5119236745681167E-02
  1.4215706757493814E+01    6.0295858733426617E-03    1.4215706757493814E+01   -6.4417062871644407E-02
  1.4372786390173303E+01    5.9002458289935189E-03    1.4372786390173303E+01   -6.3729687452194636E-02
  1.4529866022852794E+01    5.7750056218702538E-03    1.4529866022852794E+01   -6.3056653367111484E-02
  1.4686945655532282E+01    5.6536945133332803E-03    1.4686945655532282E+01   -6.2397521884399128E-02
  1.4844025288211773E+01    5.5361505243814099E-03    1.4844025288211773E+01   -6.1751871757982912E-02
  1.5001104920891262E+01    5.4222199040604322E-03    1.5001104920891262E+01   -6.1119298377185174E-02
  1.5158184553570752E+01    5.3117566349773909E-03    1.5158184553570752E+01   -6.0499412964609055E-02
  1.5315264186250241E+01    5.2046219730019633E-03    1.5315264186250241E+01   -5.9891841819301864E-02
  1.5472343818929732E+01    5.1006840184909764E-03    1.5472343818929732E+01   -5.9296225602293945E-02
  1.5629423451609220E+01    4.9998173166024432E-03    1.5629423451609220E+01   -5.8712218661815710E-02
  1.5786503084288711E+01    4.9019024844740204E-03    1.5786503084288711E+01   -5.8139488395686209E-02
  1.5943582716968200E+01    4.8068258632297071E-03    1.5943582716968200E+01   -5.7577714648542722E-02
  1.6100662349647688E+01    4.7144791929499049E-03    1.6100662349647688E+01   -5.7026589141743196E-02
  1.6257741982327179E+01    4.6247593088955419E-03    1.6257741982327179E+01   -5.6485814933923809E-02
  1.6414821615006669E+01    4.5375678574182546E-03    1.6414821615006669E+01   -5.5955105910332710E-02
  1.6571901247686160E+01    4.4528110301170140E-03    1.6571901247686160E+01   -5.5434186299188934E-02
  1.6728980880365647E+01    4.3703993149187079E-03    1.6728980880365647E+01   -5.4922790213435074E-02
  1.6886060513045138E+01    4.2902472628664982E-03    1.6886060513045138E+01   -5.4420661216361348E-02
  1.7043140145724628E+01    4.2122732694970313E-03    1.7043140145724628E+01   -5.3927551909681355E-02
  1.7200219778404119E+01    4.1363993697760785E-03    1.7200219778404119E+01   -5.3443223542733502E-02
  1.7357299411083606E+01    4.0625510456431197E-03    1.7357299411083606E+01   -5.2967445641570049E-02
  1.7514379043763096E+01    3.9906570452892679E-03    1.7514379043763096E+01   -5.2499995656776537E-02
  1.7671458676442587E+01    3.9206492133605853E-03    1.7671458676442587E+01   -5.2040658628939980E-02
  1.7828538309122077E+01    3.8524623313406486E-03    1.7828538309122077E+01   -5.1589226870753790E-02
  1.7985617941801564E+01    3.7860339674229168E-03    1.7985617941801564E+01   -5.1145499664812556E-02
  1.8142697574481055E+01    3.7213043352354175E-03    1.8142697574481055E+01   -5.0709282976210149E-02
  1.8299777207160545E+01    3.6582161608278599E-03    1.8299777207160545E+01   -5.0280389179110790E-02
  1.8456856839840036E+01    3.5967145573750315E-03    1.8456856839840036E+01   -4.9858636796514595E-02
  1.8613936472519523E+01    3.5367469070905115E-03    1.8613936472519523E+01   -4.9443850252488264E-02
  1.8771016105199013E+01    3.4782627498816496E-03    1.8771016105199013E+01   -4.9035859636176363E-02
  1.8928095737878504E+01    3.4212136783107012E-03    1.8928095737878504E+01   -4.8634500476951080E-02
  1.9085175370557995E+01    3.3655532384582821E-03    1.9085175370557995E+01   -4.8239613530097390E-02
  1.9242255003237482E+01    3.3112368363140826E-03    1.9242255003237482E+01   -4.7851044572467472E-02
  1.9399334635916972E+01    3.2582216493463401E-03    1.9399334635916972E+01   -4.7468644207572200E-02
  1.9556414268596463E+01    3.2064665429259857E-03    1.9556414268596463E+01   -4.7092267679609556E-02
  1.9713493901275953E+01    3.1559319913040144E-03    1.9713493901275953E+01   -4.6721774695959450E-02
  1.9870573533955440E+01    3.1065800028614301E-03    1.9870573533955440E+01   -4.6357029257702465E-02
  2.0027653166634931E+01    3.0583740493704188E-03    2.0027653166634931E+01   -4.5997899497745867E-02
  2.0184732799314421E+01    3.0112789990231789E-03    2.0184732799314421E+01   -4.5644257526164668E-02
  2.0341812431993912E+01    2.9652610530013380E-03    2.0341812431993912E+01   -4.5295979282388280E-02
  2.0498892064673399E+01    2.9202876853741001E-03    2.0498892064673399E+01   -4.4952944393884364E-02
  2.0655971697352889E+01    2.8763275861274275E-03    2.0655971697352889E+01   -4.4615036041011760E-02
  2.0813051330032380E+01    2.8333506071396256E-03    2.0813051330032380E+01   -4.4282140827732873E-02
  2.0970130962711870E+01    2.7913277109308057E-03    2.0970130962711870E+01   -4.3954148657893218E-02
  2.1127210595391357E+01    2.7502309220250251E-03    2.1127210595391357E+01   -4.3630952616792625E-02
  2.1284290228070848E+01    2.7100332807742612E-03    2.1284290228070848E+01   -4.3312448857787532E-02
  2.1441369860750338E+01    2.6707087995031628E-03    2.1441369860750338E+01   -4.2998536493678685E-02
  2.1598449493429829E+01    2.6322324208424646E-03    2.1598449493429829E+01   -4.2689117492651640E-02
  2.1755529126109316E+01    2.5945799781273899E-03    2.1755529126109316E+01   -4.2384096578550572E-02
  2.1912608758788807E+01    2.5577281577451039E-03    2.1912608758788807E+01   -4.2083381135277549E-02
  2.2069688391468297E+01    2.5216544633225963E-03    2.2069688391468297E+01   -4.1786881115120925E-02
  2.2226768024147788E+01    2.4863371816530753E-03    2.2226768024147788E+01   -4.1494508950826771E-02
  2.2383847656827275E+01    2.4517553502652551E-03    2.2383847656827275E+01   -4.1206179471237385E-02
  2.2540927289506765E+01    2.4178887265458165E-03    2.2540927289506765E+01   -4.0921809820330224E-02
  2.2698006922186256E+01    2.3847177583307543E-03    2.2698006922186256E+01   -4.0641319379499330E-02
  2.2855086554865746E+01    2.3522235558864199E-03    2.2855086554865746E+01   -4.0364629692929622E-02
  2.3012166187545233E+01    2.3203878652058680E-03    2.3012166187545233E+01   -4.0091664395922232E-02
  2.3169245820224724E+01    2.2891930425505136E-03    2.3169245820224724E+01   -3.9822349146036370E-02
  2.3326325452904214E+01    2.2586220301713052E-03    2.3326325452904214E+01   -3.9556611556920210E-02
  2.3483405085583705E+01    2.2286583331474559E-03    2.3483405085583705E+01   -3.9294381134709684E-02
  2.3640484718263192E+01    2.1992859972844317E-03    2.3640484718263192E+01   -3.9035589216880225E-02
  2.3797564350942682E+01    2.1704895880162831E-03    2.3797564350942682E+01   -3.8780168913442520E-02
  2.3954643983622173E+01    2.1422541702606009E-03    2.3954643983622173E+01   -3.8528055050378596E-02
  2.4111723616301663E+01    2.1145652891772881E-03    2.4111723616301663E+01   -3.8279184115219661E-02
  2.4268803248981150E+01    2.0874089517852268E-03    2.4268803248981150E+01   -3.8033494204672377E-02
  2.4425882881660641E+01    2.0607716093934284E-03    2.4425882881660641E+01   -3.7790924974204457E-02
  2.4582962514340132E+01    2.0346401408057766E-03    2.4582962514340132E+01   -3.7551417589505066E-02
  2.4740042147019622E+01    2.0090018362607207E-03    2.4740042147019622E+01   -3.7314914679739589E-02
  2.4897121779699109E+01    1.9838443820694540E-03    2.4897121779699109E+01   -3.7081360292522195E-02
  2.5054201412378600E+01    1.9591558459181283E-03    2.5054201412378600E+01   -3.6850699850533360E-02
  2.5211281045058090E+01    1.9349246628015452E-03    2.5211281045058090E+01   -3.6622880109712951E-02
  2.5368360677737581E+01    1.9111396215575527E-03    2.5368360677737581E+01   -3.6397849118962856E-02
  2.5525440310417068E+01    1.8877898519730511E-03    2.5525440310417068E+01   -3.6175556181296240E-02
  2.5682519943096558E+01    1.8648648124340772E-03    2.5682519943096558E+01   -3.5955951816373337E-02
  2.5839599575776049E+01    1.8423542780939385E-03    2.5839599575776049E+01   -3.5738987724366893E-02
  2.5996679208455539E+01    1.8202483295347239E-03    2.5996679208455539E+01   -3.5524616751102495E-02
  2.6153758841135026E+01    1.7985373418988645E-03    2.6153758841135026E+01   -3.5312792854421973E-02
  2.6310838473814517E+01    1.7772119744686281E-03    2.6310838473814517E+01   -3.5103471071720301E-02
  2.6467918106494007E+01    1.7562631606726105E-03    2.6467918106494007E+01   -3.4896607488608726E-02
  2.6624997739173498E+01    1.7356820984993533E-03    2.6624997739173498E+01   -3.4692159208658868E-02
  2.6782077371852985E+01    1.7154602412992835E-03    2.6782077371852985E+01   -3.4490084324184857E-02
  2.6939157004532476E+01    1.6955892889571130E-03    2.6939157004532476E+01   -3.4290341888022262E-02
  2.7096236637211966E+01    1.6760611794177755E-03    2.7096236637211966E+01   -3.4092891886264569E-02
  2.7253316269891457E+01    1.6568680805498200E-03    2.7253316269891457E+01   -3.3897695211919619E-02
  2.7410395902570944E+01    1.6380023823310173E-03    2.7410395902570944E+01   -3.3704713639450157E-02
  2.7567475535250434E+01    1.6194566893416946E-03    2.7567475535250434E+01   -3.3513909800164172E-02
  2.7724555167929925E+01    1.6012238135520432E-03    2.7724555167929925E+01   -3.3325247158422285E-02
  2.7881634800609415E+01    1.5832967673903276E-03    2.7881634800609415E+01   -3.3138689988630773E-02
  2.8038714433288902E+01    1.5656687570795868E-03    2.8038714433288902E+01   -3.2954203352990277E-02
  2.8195794065968393E+01    1.5483331762310068E-03    2.8195794065968393E+01   -3.2771753079971440E-02
  2.8352873698647883E+01    1.5312835996827586E-03    2.8352873698647883E+01   -3.2591305743490132E-02
  2.8509953331327374E+01    1.5145137775736061E-03    2.8509953331327374E+01   -3.2412828642755832E-02
  2.8667032964006861E+01    1.4980176296411415E-03    2.8667032964006861E+01   -3.2236289782768081E-02
  2.8824112596686351E+01    1.4817892397349670E-03    2.8824112596686351E+01   -3.2061657855436868E-02
  2.8981192229365842E+01    1.4658228505356409E-03    2.8981192229365842E+01   -3.1888902221303944E-02
  2.9138271862045332E+01    1.4501128584706044E-03    2.9138271862045332E+01   -3.1717992891842781E-02
  2.9295351494724819E+01    1.4346538088187636E-03    2.9295351494724819E+01   -3.1548900512316153E-02
  2.9452431127404310E+01    1.4194403909957637E-03    2.9452431127404310E+01   -3.1381596345170897E-02
  2.9609510760083801E+01    1.4044674340123954E-03    2.9609510760083801E+01   -3.1216052253950490E-02
  2.9766590392763291E+01    1.3897299020988970E-03    2.9766590392763291E+01   -3.1052240687706616E-02
  2.9923670025442778E+01    1.3752228904882827E-03    2.9923670025442778E+01   -3.0890134665891956E-02
  3.0080749658122269E+01    1.3609416213521263E-03    3.0080749658122269E+01   -3.0729707763716915E-02
  3.0237829290801759E+01    1.3468814398825428E-03    3.0237829290801759E+01   -3.0570934097953854E-02
  3.0394908923481250E+01    1.3330378105143915E-03    3.0394908923481250E+01   -3.0413788313172978E-02
  3.0551988556160737E+01    1.3194063132820019E-03    3.0551988556160737E+01   -3.0258245568394671E-02
  3.0709068188840227E+01    1.3059826403049816E-03    3.0709068188840227E+01   -3.0104281524143729E-02
  3.0866147821519718E+01    1.2927625923979103E-03    3.0866147821519718E+01   -2.9951872329891494E-02
  3.1023227454199208E+01    1.2797420757989567E-03    3.1023227454199208E+01   -2.9800994611872359E-02
  3.1180307086878695E+01    1.2669170990126833E-03    3.1180307086878695E+01   -2.9651625461261828E-02
  3.1337386719558186E+01    1.2542837697625037E-03    3.1337386719558186E+01   -2.9503742422703594E-02
  3.1494466352237676E+01    1.2418382920484773E-03    3.1494466352237676E+01   -2.9357323483173860E-02
  3.1651545984917167E+01    1.2295769633062907E-03    3.1651545984917167E+01   -2.9212347061171245E-02
  3.1808625617596654E+01    1.2174961716634827E-03    3.1808625617596654E+01   -2.9068791996221408E-02
  3.1965705250276145E+01    1.2055923932891264E-03    3.1965705250276145E+01   -2.8926637538685660E-02
  3.2122784882955635E+01    1.1938621898333510E-03    3.2122784882955635E+01   -2.8785863339863493E-02
  3.2279864515635126E+01    1.1823022059532426E-03    3.2279864515635126E+01   -2.8646449442379048E-02
  3.2436944148314616E+01    1.1709091669218164E-03    3.2436944148314616E+01   -2.8508376270842288E-02
  3.2594023780994107E+01    1.1596798763168852E-03    3.2594023780994107E+01   -2.8371624622775586E-02
  3.2751103413673590E+01    1.1486112137867933E-03    3.2751103413673590E+01   -2.8236175659797132E-02
  3.2908183046353081E+01    1.1377001328901090E-03    3.2908183046353081E+01   -2.8102010899052673E-02
  3.3065262679032571E+01    1.1269436590064983E-03    3.3065262679032571E+01   -2.7969112204887504E-02
  3.3222342311712062E+01    1.1163388873161051E-03    3.3222342311712062E+01   -2.7837461780750940E-02
  3.3379421944391552E+01    1.1058829808448926E-03    3.3379421944391552E+01   -2.7707042161325628E-02
  3.3536501577071043E+01    1.0955731685734938E-03    3.3536501577071043E+01   -2.7577836204874643E-02
  3.3693581209750533E+01    1.0854067436072291E-03    3.3693581209750533E+01   -2.7449827085799239E-02
  3.3850660842430024E+01    1.0753810614050397E-03    3.3850660842430024E+01   -2.7322998287400622E-02
  3.4007740475109507E+01    1.0654935380651821E-03    3.4007740475109507E+01   -2.7197333594839210E-02
  3.4164820107788998E+01    1.0557416486656128E-03    3.4164820107788998E+01   -2.7072817088285173E-02
  3.4321899740468488E+01    1.0461229256570881E-03    3.4321899740468488E+01   -2.6949433136254249E-02
  3.4478979373147979E+01    1.0366349573070637E-03    3.4478979373147979E+01   -2.6827166389122959E-02
  3.4636059005827470E+01    1.0272753861925764E-03    3.4636059005827470E+01   -2.6706001772817661E-02
  3.4793138638506960E+01    1.0180419077403554E-03    3.4793138638506960E+01   -2.6585924482672090E-02
  3.4950218271186451E+01    1.0089322688124746E-03    3.4950218271186451E+01   -2.6466919977448104E-02
  3.5107297903865941E+01    9.9994426633593747E-04    3.5107297903865941E+01   -2.6348973973514624E-02
  3.5264377536545425E+01    9.9107574597463808E-04    3.5264377536545425E+01   -2.6232072439179938E-02
  3.5421457169224915E+01    9.8232460084220967E-04    3.5421457169224915E+01   -2.6116201589172668E-02
  3.5578536801904406E+01    9.7368877025433287E-04    3.5578536801904406E+01   -2.6001347879266910E-02
  3.5735616434583896E+01    9.6516623851912084E-04    3.5735616434583896E+01   -2.5887498001047119E-02
  3.5892696067263387E+01    9.5675503376427013E-04    3.5892696067263387E+01   -2.5774638876808607E-02
  3.6049775699942877E+01    9.4845322679969419E-04    3.6049775699942877E+01   -2.5662757654589502E-02
  3.6206855332622368E+01    9.4025893001443018E-04    3.6206855332622368E+01   -2.5551841703330299E-02
  3.6363934965301858E+01    9.3217029630663891E-04    3.6363934965301858E+01   -2.5441878608157196E-02
  3.6521014597981342E+01    9.2418551804556999E-04    3.6521014597981342E+01   -2.5332856165785501E-02
  3.6678094230660832E+01    9.1630282606440364E-04    3.6678094230660832E+01   -2.5224762380039602E-02
  3.6835173863340323E+01    9.0852048868293191E-04    3.6835173863340323E+01   -2.5117585457486102E-02
  3.6992253496019813E+01    9.0083681075906570E-04    3.6992253496019813E+01   -2.5011313803176720E-02
  3.7149333128699304E+01    8.9325013276820577E-04    3.7149333128699304E+01   -2.4905936016497862E-02
  3.7306412761378795E+01    8.8575882990954370E-04    3.7306412761378795E+01   -2.4801440887123643E-02
  3.7463492394058285E+01    8.7836131123839988E-04    3.7463492394058285E+01   -2.4697817391069500E-02
  3.7620572026737776E+01    8.7105601882373341E-04    3.7620572026737776E+01   -2.4595054686843396E-02
  3.7777651659417259E+01    8.6384142692999587E-04    3.7777651659417259E+01   -2.4493142111691873E-02
  3.7934731292096750E+01    8.5671604122252148E-04    3.7934731292096750E+01   -2.4392069177938180E-02
  3.8091810924776240E+01    8.4967839799569844E-04    3.8091810924776240E+01   -2.4291825569409984E-02
  3.8248890557455731E+01    8.4272706342316064E-04    3.8248890557455731E+01   -2.4192401137953935E-02
  3.8405970190135221E+01    8.3586063282929733E-04    3.8405970190135221E+01   -2.4093785900034817E-02
  3.8563049822814712E+01    8.2907772998138936E-04    3.8563049822814712E+01   -2.3995970033416799E-02
  3.8720129455494202E+01    8.2237700640170187E-04    3.8720129455494202E+01   -2.3898943873924494E-02
  3.8877209088173693E+01    8.1575714069890106E-04    3.8877209088173693E+01   -2.3802697912281644E-02
  3.9034288720853176E+01    8.0921683791817232E-04    3.9034288720853176E+01   -2.3707222791025266E-02
  3.9191368353532667E+01    8.0275482890944535E-04    3.9191368353532667E+01   -2.3612509301493077E-02
  3.9348447986212157E+01    7.9636986971315588E-04    3.9348447986212157E+01   -2.3518548380882350E-02
  3.9505527618891648E+01    7.9006074096298604E-04    3.9505527618891648E+01   -2.3425331109378077E-02
  3.9662607251571139E+01    7.8382624730505008E-04    3.9662607251571139E+01   -2.3332848707348627E-02
  3.9819686884250629E+01    7.7766521683301213E-04    3.9819686884250629E+01   -2.3241092532607026E-02
  3.9976766516930120E+01    7.7157650053863859E-04    3.9976766516930120E+01   -2.3150054077736116E-02
  4.0133846149609610E+01    7.6555897177730300E-04    4.0133846149609610E+01   -2.3059724967475808E-02
  4.0290925782289094E+01    7.5961152574798344E-04    4.0290925782289094E+01   -2.2970096956170829E-02
  4.0448005414968584E+01    7.5373307898730175E-04    4.0448005414968584E+01   -2.2881161925277234E-02
  4.0605085047648075E+01    7.4792256887717772E-04    4.0605085047648075E+01   -2.2792911880926234E-02
  4.0762164680327565E+01    7.4217895316567738E-04    4.0762164680327565E+01   -2.2705338951543724E-02
  4.0919244313007056E+01    7.3650120950065551E-04    4.0919244313007056E+01   -2.2618435385524070E-02
  4.1076323945686546E+01    7.3088833497580150E-04    4.1076323945686546E+01   -2.2532193548956695E-02
  4.1233403578366037E+01    7.2533934568871493E-04    4.1233403578366037E+01   -2.2446605923404108E-02
  4.1390483211045527E+01    7.1985327631064917E-04    4.1390483211045527E+01   -2.2361665103730003E-02
  4.1547562843725011E+01    7.1442917966756841E-04    4.1547562843725011E+01   -2.2277363795976130E-02
  4.1704642476404501E+01    7.0906612633218262E-04    4.1704642476404501E+01   -2.2193694815286609E-02
  4.1861722109083992E+01    7.0376320422663445E-04    4.1861722109083992E+01   -2.2110651083878590E-02
  4.2018801741763482E+01    6.9851951823551731E-04    4.2018801741763482E+01   -2.2028225629057922E-02
  4.2175881374442973E+01    6.9333418982892242E-04    4.2175881374442973E+01   -2.1946411581278708E-02
  4.2332961007122464E+01    6.8820635669521700E-04    4.2332961007122464E+01   -2.1865202172245697E-02
  4.2490040639801954E+01    6.8313517238326952E-04    4.2490040639801954E+01   -2.1784590733058287E-02
  4.2647120272481445E+01    6.7811980595384417E-04    4.2647120272481445E+01   -2.1704570692395213E-02
  4.2804199905160928E+01    6.7315944163989674E-04    4.2804199905160928E+01   -2.1625135574738764E-02
  4.2961279537840419E+01    6.6825327851551398E-04    4.2961279537840419E+01   -2.1546278998637616E-02
  4.3118359170519909E+01    6.6340053017324751E-04    4.3118359170519909E+01   -2.1467994675007269E-02
  4.3275438803199400E+01    6.5860042440959608E-04    4.3275438803199400E+01   -2.1390276405467153E-02
  4.3432518435878890E+01    6.5385220291840735E-04    4.3432518435878890E+01   -2.1313118080713473E-02
  4.3589598068558381E+01    6.4915512099196525E-04    4.3589598068558381E+01   -2.1236513678926906E-02
  4.3746677701237871E+01    6.4450844722955224E-04    4.3746677701237871E+01   -2.1160457264214314E-02
  4.3903757333917362E+01    6.3991146325326567E-04    4.3903757333917362E+01   -2.1084942985083566E-02
  4.4060836966596845E+01    6.3536346343088732E-04    4.4060836966596845E+01   -2.1009965072950700E-02
  4.4217916599276336E+01    6.3086375460560647E-04    4.4217916599276336E+01   -2.0935517840678635E-02
  4.4374996231955826E+01    6.2641165583240217E-04    4.4374996231955826E+01   -2.0861595681146643E-02
  4.4532075864635317E+01    6.2200649812089775E-04    4.4532075864635317E+01   -2.0788193065849770E-02
  4.4689155497314808E+01    6.1764762418450891E-04    4.4689155497314808E+01   -2.0715304543527626E-02
  4.4846235129994298E+01    6.1333438819570799E-04    4.4846235129994298E+01   -2.0642924738821650E-02
  4.5003314762673789E+01    6.0906615554723537E-04    4.5003314762673789E+01   -2.0571048350960318E-02
  4.5160394395353279E+01    6.0484230261909360E-04    4.5160394395353279E+01   -2.0499670152471526E-02
  4.5317474028032763E+01    6.0066221655116455E-04    4.5317474028032763E+01   -2.0428784987921507E-02
  4.5474553660712253E+01    5.9652529502129460E-04    4.5474553660712253E+01   -2.0358387772679690E-02
  4.5631633293391744E+01    5.9243094602870060E-04    4.5631633293391744E+01   -2.0288473491708835E-02
  4.5788712926071234E+01    5.8837858768254799E-04    4.5788712926071234E+01   -2.0219037198379891E-02
  4.5945792558750725E+01    5.8436764799556196E-04    4.5945792558750725E+01   -2.0150074013310905E-02
  4.6102872191430215E+01    5.8039756468253637E-04    4.6102872191430215E+01   -2.0081579123229533E-02
  4.6259951824109706E+01    5.7646778496360681E-04    4.6259951824109706E+01   -2.0013547779858493E-02
  4.6417031456789196E+01    5.7257776537215888E-04    4.6417031456789196E+01   -1.9945975298823491E-02
  4.6574111089468680E+01    5.6872697156724959E-04    4.6574111089468680E+01   -1.9878857058583038E-02
  4.6731190722148170E+01    5.6491487815041850E-04    4.6731190722148170E+01   -1.9812188499379695E-02
  4.6888270354827661E+01    5.6114096848677451E-04    4.6888270354827661E+01   -1.9745965122212248E-02
  4.7045349987507151E+01    5.5740473453024181E-04    4.7045349987507151E+01   -1.9680182487828272E-02
  4.7202429620186642E+01    5.5370567665285672E-04    4.7202429620186642E+01   -1.9614836215736665E-02
  4.7359509252866133E+01    5.5004330347800841E-04    4.7359509252866133E+01   -1.9549921983239696E-02
  4.7516588885545623E+01    5.4641713171751840E-04    4.7516588885545623E+01   -1.9485435524484084E-02
  4.7673668518225114E+01    5.4282668601246043E-04    4.7673668518225114E+01   -1.9421372629530694E-02
  4.7830748150904597E+01    5.3927149877762057E-04    4.7830748150904597E+01   -1.9357729143442439E-02
  4.7987827783584088E+01    5.3575111004950369E-04    4.7987827783584088E+01   -1.9294500965389920E-02
  4.8144907416263578E+01    5.3226506733779688E-04    4.8144907416263578E+01   -1.9231684047774502E-02
  4.8301987048943069E+01    5.2881292548019414E-04    4.8301987048943069E+01   -1.9169274395368304E-02
  4.8459066681622559E+01    5.2539424650050164E-04    4.8459066681622559E+01   -1.9107268064470845E-02
  4.8616146314302050E+01    5.2200859946993704E-04    4.8616146314302050E+01   -1.9045661162081888E-02
  4.8773225946981540E+01    5.1865556037154010E-04    4.8773225946981540E+01   -1.8984449845090158E-02
  4.8930305579661031E+01    5.1533471196761518E-04    4.8930305579661031E+01   -1.8923630319477566E-02
  4.9087385212340514E+01    5.1204564367013112E-04    4.9087385212340514E+01   -1.8863198839538624E-02
  4.9244464845020005E+01    5.0878795141399947E-04    4.9244464845020005E+01   -1.8803151707114638E-02
  4.9401544477699495E+01    5.0556123753316064E-04    4.9401544477699495E+01   -1.8743485270842481E-02
  4.9558624110378986E+01    5.0236511063940763E-04    4.9558624110378986E+01   -1.8684195925417490E-02
  4.9715703743058477E+01    4.9919918550387569E-04    4.9715703743058477E+01   -1.8625280110870245E-02
  4.9872783375737967E+01    4.9606308294113512E-04    4.9872783375737967E+01   -1.8566734311856965E-02
  5.0029863008417458E+01    4.9295642969581627E-04    5.0029863008417458E+01   -1.8508555056963100E-02
  5.0186942641096948E+01    4.8987885833171247E-04    5.0186942641096948E+01   -1.8450738918019998E-02
  5.0344022273776432E+01    4.8683000712328867E-04    5.0344022273776432E+01   -1.8393282509434200E-02
  5.0501101906455922E+01    4.8380951994954553E-04    5.0501101906455922E+01   -1.8336182487529207E-02
  5.0658181539135413E+01    4.8081704619017514E-04    5.0658181539135413E+01   -1.8279435549899404E-02
  5.0815261171814903E+01    4.7785224062395465E-04    5.0815261171814903E+01   -1.8223038434775872E-02
  5.0972340804494394E+01    4.7491476332932141E-04    5.0972340804494394E+01   -1.8166987920403874E-02
  5.1129420437173884E+01    4.7200427958707722E-04    5.1129420437173884E+01   -1.8111280824431697E-02
  5.1286500069853375E+01    4.6912045978516920E-04    5.1286500069853375E+01   -1.8055914003310688E-02
  5.1443579702532865E+01    4.6626297932549700E-04    5.1443579702532865E+01   -1.8000884351706194E-02
  5.1600659335212349E+01    4.6343151853269843E-04    5.1600659335212349E+01   -1.7946188801919193E-02
  5.1757738967891839E+01    4.6062576256486210E-04    5.1757738967891839E+01   -1.7891824323318369E-02
  5.1914818600571330E+01    4.5784540132612578E-04    5.1914818600571330E+01   -1.7837787921782478E-02
  5.2071898233250820E+01    4.5509012938111033E-04    5.2071898233250820E+01   -1.7784076639152682E-02
  5.2228977865930311E+01    4.5235964587114909E-04    5.2228977865930311E+01   -1.7730687552694736E-02
  5.2386057498609802E+01    4.4965365443226652E-04    5.2386057498609802E+01   -1.7677617774570803E-02
  5.2543137131289292E+01    4.4697186311486728E-04    5.2543137131289292E+01   -1.7624864451320638E-02
  5.2700216763968783E+01    4.4431398430509338E-04    5.2700216763968783E+01   -1.7572424763352027E-02
  5.2857296396648266E+01    4.4167973464781144E-04    5.2857296396648266E+01   -1.7520295924440259E-02
  5.3014376029327757E+01    4.3906883497118847E-04    5.3014376029327757E+01   -1.7468475181236398E-02
  5.3171455662007247E+01    4.3648101021282327E-04    5.3171455662007247E+01   -1.7416959812784270E-02
  5.3328535294686738E+01    4.3391598934739383E-04    5.3328535294686738E+01   -1.7365747130045902E-02
  5.3485614927366228E+01    4.3137350531578523E-04    5.3485614927366228E+01   -1.7314834475435272E-02
  5.3642694560045719E+01    4.2885329495566616E-04    5.3642694560045719E+01   -1.7264219222360225E-02
  5.3799774192725209E+01    4.2635509893347649E-04    5.3799774192725209E+01   -1.7213898774772324E-02
  5.3956853825404700E+01    4.2387866167779712E-04    5.3956853825404700E+01   -1.7163870566724571E-02
  5.4113933458084183E+01    4.2142373131406706E-04    5.4113933458084183E+01   -1.7114132061936727E-02
  5.4271013090763674E+01    4.1899005960061828E-04    5.4271013090763674E+01   -1.7064680753368172E-02
  5.4428092723443164E+01    4.1657740186599795E-04    5.4428092723443164E+01   -1.7015514162798118E-02
  5.4585172356122655E+01    4.1418551694754821E-04    5.4585172356122655E+01   -1.6966629840413021E-02
  5.4742251988802145E+01    4.1181416713121423E-04    5.4742251988802145E+01   -1.6918025364401030E-02
  5.4899331621481636E+01    4.0946311809255336E-04    5.4899331621481636E+01   -1.6869698340553400E-02
  5.5056411254161127E+01    4.0713213883891903E-04    5.5056411254161127E+01   -1.6821646401872670E-02
  5.5213490886840617E+01    4.0482100165278883E-04    5.5213490886840617E+01   -1.6773867208187472E-02
  5.5370570519520101E+01    4.0252948203621703E-04    5.5370570519520101E+01   -1.6726358445773897E-02
  5.5527650152199591E+01    4.0025735865638009E-04    5.5527650152199591E+01   -1.6679117826983211E-02
  5.5684729784879082E+01    3.9800441329219466E-04    5.5684729784879082E+01   -1.6632143089875880E-02
  5.5841809417558572E+01    3.9577043078198288E-04    5.5841809417558572E+01   -1.6585431997861687E-02
  5.5998889050238063E+01    3.9355519897216017E-04    5.5998889050238063E+01   -1.6538982339345920E-02
  5.6155968682917553E+01    3.9135850866692538E-04    5.6155968682917553E+01   -1.6492791927381435E-02
  5.6313048315597044E+01    3.8918015357892891E-04    5.6313048315597044E+01   -1.6446858599326510E-02
  5.6470127948276534E+01    3.8701993028089735E-04    5.6470127948276534E+01   -1.6401180216508403E-02
  5.6627207580956018E+01    3.8487763815819534E-04    5.6627207580956018E+01   -1.6355754663892452E-02
  5.6784287213635508E+01    3.8275307936230053E-04    5.6784287213635508E+01   -1.6310579849756646E-02
  5.6941366846314999E+01    3.8064605876517616E-04    5.6941366846314999E+01   -1.6265653705371561E-02
  5.7098446478994489E+01    3.7855638391451704E-04    5.7098446478994489E+01   -1.6220974184685544E-02
  5.7255526111673980E+01    3.7648386498985263E-04    5.7255526111673980E+01   -1.6176539264015050E-02
  5.7412605744353471E+01    3.7442831475948790E-04    5.7412605744353471E+01   -1.6132346941740035E-02
  5.7569685377032961E+01    3.7238954853826374E-04    5.7569685377032961E+01   -1.6088395238004326E-02
  5.7726765009712452E+01    3.7036738414611815E-04    5.7726765009712452E+01   -1.6044682194420817E-02
  5.7883844642391935E+01    3.6836164186743306E-04    5.7883844642391935E+01   -1.6001205873781493E-02
  5.8040924275071426E+01    3.6637214441114706E-04    5.8040924275071426E+01   -1.5957964359772089E-02
  5.8198003907750916E+01    3.6439871687162108E-04    5.8198003907750916E+01   -1.5914955756691395E-02
  5.8355083540430407E+01    3.6244118669023659E-04    5.8355083540430407E+01   -1.5872178189175010E-02
  5.8512163173109897E+01    3.6049938361771454E-04    5.8512163173109897E+01   -1.5829629801923588E-02
  5.8669242805789388E+01    3.5857313967713731E-04    5.8669242805789388E+01   -1.5787308759435383E-02
  5.8826322438468878E+01    3.5666228912765958E-04    5.8826322438468878E+01   -1.5745213245743069E-02
  5.8983402071148369E+01    3.5476666842889352E-04    5.8983402071148369E+01   -1.5703341464154752E-02
  5.9140481703827852E+01    3.5288611620595340E-04    5.9140481703827852E+01   -1.5661691636999080E-02
  5.9297561336507343E+01    3.5102047321514633E-04    5.9297561336507343E+01   -1.5620262005374379E-02
  5.9454640969186833E+01    3.4916958231029620E-04    5.9454640969186833E+01   -1.5579050828901776E-02
  5.9611720601866324E+01    3.4733328840968477E-04    5.9611720601866324E+01   -1.5538056385482156E-02
  5.9768800234545814E+01    3.4551143846360094E-04    5.9768800234545814E+01   -1.5497276971056984E-02
  5.9925879867225305E+01    3.4370388142248198E-04    5.9925879867225305E+01   -1.5456710899372830E-02
  6.0082959499904796E+01    3.4191046820563638E-04    6.0082959499904796E+01   -1.5416356501749592E-02
  6.0240039132584286E+01    3.4013105167053582E-04    6.0240039132584286E+01   -1.5376212126852329E-02
  6.0397118765263770E+01    3.3836548658266417E-04    6.0397118765263770E+01   -1.5336276140466624E-02
  6.0554198397943260E+01    3.3661362958591144E-04    6.0554198397943260E+01   -1.5296546925277427E-02
  6.0711278030622751E+01    3.3487533917350411E-04    6.0711278030622751E+01   -1.5257022880651339E-02
  6.0868357663302241E+01    3.3315047565945604E-04    6.0868357663302241E+01   -1.5217702422422213E-02
  6.1025437295981732E+01    3.3143890115053509E-04    6.1025437295981732E+01   -1.5178583982680091E-02
  6.1182516928661222E+01    3.2974047951872927E-04    6.1182516928661222E+01   -1.5139666009563341E-02
  6.1339596561340713E+01    3.2805507637420687E-04    6.1339596561340713E+01   -1.5100946967053995E-02
  6.1496676194020203E+01    3.2638255903875702E-04    6.1496676194020203E+01   -1.5062425334776208E-02
  6.1653755826699687E+01    3.2472279651970317E-04    6.1653755826699687E+01   -1.5024099607797766E-02
  6.1810835459379177E+01    3.2307565948427918E-04    6.1810835459379177E+01   -1.4985968296434640E-02
  6.1967915092058668E+01    3.2144102023445794E-04    6.1967915092058668E+01   -1.4948029926058452E-02
  6.2124994724738158E+01    3.1981875268222490E-04    6.2124994724738158E+01   -1.4910283036906899E-02
  6.2282074357417649E+01    3.1820873232528662E-04    6.2282074357417649E+01   -1.4872726183897003E-02
  6.2439153990097140E+01    3.1661083622320461E-04    6.2439153990097140E+01   -1.4835357936441158E-02
  6.2596233622776630E+01    3.1502494297394872E-04    6.2596233622776630E+01   -1.4798176878265970E-02
  6.2753313255456121E+01    3.1345093269085885E-04    6.2753313255456121E+01   -1.4761181607233774E-02
  6.2910392888135604E+01    3.1188868698000925E-04    6.2910392888135604E+01   -1.4724370735166832E-02
  6.3067472520815095E+01    3.1033808891796426E-04    6.3067472520815095E+01   -1.4687742887674122E-02
  6.3224552153494585E+01    3.0879902302992200E-04    6.3224552153494585E+01   -1.4651296703980738E-02
  6.3381631786174076E+01    3.0727137526823486E-04    6.3381631786174076E+01   -1.4615030836759777E-02
  6.3538711418853566E+01    3.0575503299129996E-04    6.3538711418853566E+01   -1.4578943951966732E-02
  6.3695791051533057E+01    3.0424988494281454E-04    6.3695791051533057E+01   -1.4543034728676305E-02
  6.3852870684212547E+01    3.0275582123138599E-04    6.3852870684212547E+01   -1.4507301858921649E-02
  6.4009950316892031E+01    3.0127273331049197E-04    6.4009950316892031E+01   -1.4471744047535935E-02
  6.4167029949571528E+01    2.9980051395878208E-04    6.4167029949571528E+01   -1.4436360011996252E-02
  6.4324109582251012E+01    2.9833905726071646E-04    6.4324109582251012E+01   -1.4401148482269786E-02
  6.4481189214930509E+01    2.9688825858753201E-04    6.4481189214930509E+01   -1.4366108200662224E-02
  6.4638268847609993E+01    2.9544801457853312E-04    6.4638268847609993E+01   -1.4331237921668388E-02
  6.4795348480289476E+01    2.9401822312269708E-04    6.4795348480289476E+01   -1.4296536411824995E-02
  6.4952428112968974E+01    2.9259878334059154E-04    6.4952428112968974E+01   -1.4262002449565565E-02
  6.5109507745648457E+01    2.9118959556659584E-04    6.5109507745648457E+01   -1.4227634825077438E-02
  6.5266587378327955E+01    2.8979056133142064E-04    6.5266587378327955E+01   -1.4193432340160801E-02
  6.5423667011007439E+01    2.8840158334492090E-04    6.5423667011007439E+01   -1.4159393808089784E-02
  6.5580746643686936E+01    2.8702256547919619E-04    6.5580746643686936E+01   -1.4125518053475516E-02
  6.5737826276366420E+01    2.8565341275197287E-04    6.5737826276366420E+01   -1.4091803912131154E-02
  6.5894905909045917E+01    2.8429403131026193E-04    6.5894905909045917E+01   -1.4058250230938808E-02
  6.6051985541725401E+01    2.8294432841428972E-04    6.6051985541725401E+01   -1.4024855867718400E-02
  6.6209065174404884E+01    2.8160421242169300E-04    6.6209065174404884E+01   -1.3991619691098333E-02
  6.6366144807084382E+01    2.8027359277197635E-04    6.6366144807084382E+01   -1.3958540580388028E-02
  6.6523224439763865E+01    2.7895237997122550E-04    6.6523224439763865E+01   -1.3925617425452246E-02
  6.6680304072443363E+01    2.7764048557707123E-04    6.6680304072443363E+01   -1.3892849126587172E-02
  6.6837383705122846E+01    2.7633782218390124E-04    6.6837383705122846E+01   -1.3860234594398255E-02
  6.6994463337802344E+01    2.7504430340831253E-04    6.6994463337802344E+01   -1.3827772749679732E-02
  6.7151542970481827E+01    2.7375984387480298E-04    6.7151542970481827E+01   -1.3795462523295887E-02
  6.7308622603161311E+01    2.7248435920169451E-04    6.7308622603161311E+01   -1.3763302856063905E-02
  6.7465702235840808E+01    2.7121776598728584E-04    6.7465702235840808E+01   -1.3731292698638396E-02
  6.7622781868520292E+01    2.6995998179623010E-04    6.7622781868520292E+01   -1.3699431011397529E-02
  6.7779861501199790E+01    2.6871092514613133E-04    6.7779861501199790E+01   -1.3667716764330699E-02
  6.7936941133879273E+01    2.6747051549435950E-04    6.7936941133879273E+01   -1.3636148936927796E-02
  6.8094020766558771E+01    2.6623867322507543E-04    6.8094020766558771E+01   -1.3604726518069961E-02
  6.8251100399238254E+01    2.6501531963646634E-04    6.8251100399238254E+01   -1.3573448505921879E-02
  6.8408180031917752E+01    2.6380037692818459E-04    6.8408180031917752E+01   -1.3542313907825525E-02
  6.8565259664597235E+01    2.6259376818898815E-04    6.8565259664597235E+01   -1.3511321740195377E-02
  6.8722339297276719E+01    2.6139541738457730E-04    6.8722339297276719E+01   -1.3480471028415056E-02
  6.8879418929956216E+01    2.6020524934562613E-04    6.8879418929956216E+01   -1.3449760806735378E-02
  6.9036498562635700E+01    2.5902318975600365E-04    6.9036498562635700E+01   -1.3419190118173798E-02
  6.9193578195315197E+01    2.5784916514118078E-04    6.9193578195315197E+01   -1.3388758014415195E-02
  6.9350657827994681E+01    2.5668310285682268E-04    6.9350657827994681E+01   -1.3358463555714045E-02
  6.9507737460674178E+01    2.5552493107755840E-04    6.9507737460674178E+01   -1.3328305810797862E-02
  6.9664817093353662E+01    2.5437457878592975E-04    6.9664817093353662E+01   -1.3298283856771984E-02
  6.9821896726033145E+01    2.5323197576151198E-04    6.9821896726033145E+01   -1.3268396779025613E-02
  6.9978976358712643E+01    2.5209705257020623E-04    6.9978976358712643E+01   -1.3238643671139133E-02
  7.0136055991392126E+01    2.5096974055369847E-04    7.0136055991392126E+01   -1.3209023634792663E-02
  7.0293135624071624E+01    2.4984997181908306E-04    7.0293135624071624E+01   -1.3179535779675811E-02
  7.0450215256751108E+01    2.4873767922864898E-04    7.0450215256751108E+01   -1.3150179223398690E-02
  7.0607294889430605E+01    2.4763279638982243E-04    7.0607294889430605E+01   -1.3120953091404031E-02
  7.0764374522110089E+01    2.4653525764526773E-04    7.0764374522110089E+01   -1.3091856516880549E-02
  7.0921454154789586E+01    2.4544499806313961E-04    7.0921454154789586E+01   -1.3062888640677395E-02
  7.1078533787469070E+01    2.4436195342748677E-04    7.1078533787469070E+01   -1.3034048611219765E-02
  7.1235613420148553E+01    2.4328606022880258E-04    7.1235613420148553E+01   -1.3005335584425624E-02
  7.1392693052828051E+01    2.4221725565472143E-04    7.1392693052828051E+01   -1.2976748723623499E-02
  7.1549772685507534E+01    2.4115547758085798E-04    7.1549772685507534E+01   -1.2948287199471409E-02
  7.1706852318187032E+01    2.4010066456178495E-04    7.1706852318187032E+01   -1.2919950189876767E-02
  7.1863931950866515E+01    2.3905275582215125E-04    7.1863931950866515E+01   -1.2891736879917433E-02
  7.2021011583546013E+01    2.3801169124793226E-04    7.2021011583546013E+01   -1.2863646461763703E-02
  7.2178091216225496E+01    2.3697741137781588E-04    7.2178091216225496E+01   -1.2835678134601380E-02
  7.2335170848904980E+01    2.3594985739471724E-04    7.2335170848904980E+01   -1.2807831104555807E-02
  7.2492250481584477E+01    2.3492897111742261E-04    7.2492250481584477E+01   -1.2780104584616892E-02
  7.2649330114263961E+01    2.3391469499236005E-04    7.2649330114263961E+01   -1.2752497794565129E-02
  7.2806409746943459E+01    2.3290697208549205E-04    7.2806409746943459E+01   -1.2725009960898516E-02
  7.2963489379622942E+01    2.3190574607433284E-04    7.2963489379622942E+01   -1.2697640316760486E-02
  7.3120569012302440E+01    2.3091096124008254E-04    7.3120569012302440E+01   -1.2670388101868688E-02
  7.3277648644981923E+01    2.2992256245988162E-04    7.3277648644981923E+01   -1.2643252562444758E-02
  7.3434728277661421E+01    2.2894049519917909E-04    7.3434728277661421E+01   -1.2616232951144923E-02
  7.3591807910340904E+01    2.2796470550421575E-04    7.3591807910340904E+01   -1.2589328526991531E-02
  7.3748887543020388E+01    2.2699513999461837E-04    7.3748887543020388E+01   -1.2562538555305430E-02
  7.3905967175699885E+01    2.2603174585610425E-04    7.3905967175699885E+01   -1.2535862307639223E-02
  7.4063046808379369E+01    2.2507447083329409E-04    7.4063046808379369E+01   -1.2509299061711375E-02
  7.4220126441058866E+01    2.2412326322262987E-04    7.4220126441058866E+01   -1.2482848101341116E-02
  7.4377206073738350E+01    2.2317807186539909E-04    7.4377206073738350E+01   -1.2456508716384216E-02
  7.4534285706417847E+01    2.2223884614085951E-04    7.4534285706417847E+01   -1.2430280202669531E-02
  7.4691365339097331E+01    2.2130553595946703E-04    7.4691365339097331E+01   -1.2404161861936380E-02
  7.4848444971776814E+01    2.2037809175620064E-04    7.4848444971776814E+01   -1.2378153001772670E-02
  7.5005524604456312E+01    2.1945646448398714E-04    7.5005524604456312E+01   -1.2352252935553832E-02
  7.5162604237135795E+01    2.1854060560721987E-04    7.5162604237135795E+01   -1.2326460982382492E-02
  7.5319683869815293E+01    2.1763046709537349E-04    7.5319683869815293E+01   -1.2300776467028929E-02
  7.5476763502494777E+01    2.1672600141671016E-04    7.5476763502494777E+01   -1.2275198719872222E-02
  7.5633843135174274E+01    2.1582716153207822E-04    7.5633843135174274E+01   -1.2249727076842191E-02
  7.5790922767853758E+01    2.1493390088879970E-04    7.5790922767853758E+01   -1.2224360879362002E-02
  7.5948002400533255E+01    2.1404617341464646E-04    7.5948002400533255E+01   -1.2199099474291512E-02
  7.6105082033212739E+01    2.1316393351190359E-04    7.6105082033212739E+01   -1.2173942213871320E-02
  7.6262161665892222E+01    2.1228713605151724E-04    7.6262161665892222E+01   -1.2148888455667476E-02
  7.6419241298571720E+01    2.1141573636732742E-04    7.6419241298571720E+01   -1.2123937562516894E-02
  7.6576320931251203E+01    2.1054969025038301E-04    7.6576320931251203E+01   -1.2099088902473446E-02
  7.6733400563930701E+01    2.0968895394333757E-04    7.6733400563930701E+01   -1.2074341848754670E-02
  7.6890480196610184E+01    2.0883348413492658E-04    7.6890480196610184E+01   -1.2049695779689186E-02
  7.7047559829289682E+01    2.0798323795452099E-04    7.7047559829289682E+01   -1.2025150078664705E-02
  7.7204639461969165E+01    2.0713817296676086E-04    7.7204639461969165E+01   -1.2000704134076712E-02
  7.7361719094648649E+01    2.0629824716626271E-04    7.7361719094648649E+01   -1.1976357339277736E-02
  7.7518798727328146E+01    2.0546341897240340E-04    7.7518798727328146E+01   -1.1952109092527254E-02
  7.7675878360007630E+01    2.0463364722417691E-04    7.7675878360007630E+01   -1.1927958796942211E-02
  7.7832957992687128E+01    2.0380889117512364E-04    7.7832957992687128E+01   -1.1903905860448108E-02
  7.7990037625366611E+01    2.0298911048833166E-04    7.7990037625366611E+01   -1.1879949695730708E-02
  7.8147117258046109E+01    2.0217426523150704E-04    7.8147117258046109E+01   -1.1856089720188303E-02
  7.8304196890725592E+01    2.0136431587211440E-04    7.8304196890725592E+01   -1.1832325355884571E-02
  7.8461276523405090E+01    2.0055922327258453E-04    7.8461276523405090E+01   -1.1808656029501973E-02
  7.8618356156084573E+01    1.9975894868558985E-04    7.8618356156084573E+01   -1.1785081172295748E-02
  7.8775435788764057E+01    1.9896345374938423E-04    7.8775435788764057E+01   -1.1761600220048407E-02
  7.8932515421443554E+01    1.9817270048320886E-04    7.8932515421443554E+01   -1.1738212613024799E-02
  7.9089595054123038E+01    1.9738665128276179E-04    7.9089595054123038E+01   -1.1714917795927720E-02
  7.9246674686802535E+01    1.9660526891572910E-04    7.9246674686802535E+01   -1.1691715217854013E-02
  7.9403754319482019E+01    1.9582851651737902E-04    7.9403754319482019E+01   -1.1668604332251224E-02
  7.9560833952161516E+01    1.9505635758621621E-04    7.9560833952161516E+01   -1.1645584596874746E-02
  7.9717913584841000E+01    1.9428875597969603E-04    7.9717913584841000E+01   -1.1622655473745485E-02
  7.9874993217520483E+01    1.9352567590999746E-04    7.9874993217520483E+01   -1.1599816429108003E-02
  8.0032072850199981E+01    1.9276708193985420E-04    8.0032072850199981E+01   -1.1577066933389175E-02
  8.0189152482879464E+01    1.9201293897844302E-04    8.0189152482879464E+01   -1.1554406461157324E-02
  8.0346232115558962E+01    1.9126321227732750E-04    8.0346232115558962E+01   -1.1531834491081821E-02
  8.0503311748238445E+01    1.9051786742645794E-04    8.0503311748238445E+01   -1.1509350505893171E-02
  8.0660391380917943E+01    1.8977687035022495E-04    8.0660391380917943E+01   -1.1486953992343564E-02
  8.0817471013597427E+01    1.8904018730356751E-04    8.0817471013597427E+01   -1.1464644441167881E-02
  8.0974550646276924E+01    1.8830778486813248E-04    8.0974550646276924E+01   -1.1442421347045140E-02
  8.1131630278956408E+01    1.8757962994848734E-04    8.1131630278956408E+01   -1.1420284208560420E-02
  8.1288709911635891E+01    1.8685568976838318E-04    8.1288709911635891E+01   -1.1398232528167192E-02
  8.1445789544315389E+01    1.8613593186706846E-04    8.1445789544315389E+01   -1.1376265812150097E-02
  8.1602869176994872E+01    1.8542032409565244E-04    8.1602869176994872E+01   -1.1354383570588178E-02
  8.1759948809674370E+01    1.8470883461351660E-04    8.1759948809674370E+01   -1.1332585317318480E-02
  8.1917028442353853E+01    1.8400143188477554E-04    8.1917028442353853E+01   -1.1310870569900126E-02
  8.2074108075033351E+01    1.8329808467478358E-04    8.2074108075033351E+01   -1.1289238849578756E-02
  8.2231187707712834E+01    1.8259876204668955E-04    8.2231187707712834E+01   -1.1267689681251419E-02
  8.2388267340392318E+01    1.8190343335803600E-04    8.2388267340392318E+01   -1.1246222593431813E-02
  8.2545346973071815E+01    1.8121206825740462E-04    8.2545346973071815E+01   -1.1224837118215968E-02
  8.2702426605751299E+01    1.8052463668110608E-04    8.2702426605751299E+01   -1.1203532791248298E-02
  8.2859506238430797E+01    1.7984110884991311E-04    8.2859506238430797E+01   -1.1182309151688033E-02
  8.3016585871110280E+01    1.7916145526583745E-04    8.3016585871110280E+01   -1.1161165742176044E-02
  8.3173665503789778E+01    1.7848564670894877E-04    8.3173665503789778E+01   -1.1140102108802034E-02
  8.3330745136469261E+01    1.7781365423423588E-04    8.3330745136469261E+01   -1.1119117801072104E-02
  8.3487824769148759E+01    1.7714544916850892E-04    8.3487824769148759E+01   -1.1098212371876682E-02
  8.3644904401828242E+01    1.7648100310734249E-04    8.3644904401828242E+01   -1.1077385377458808E-02
  8.3801984034507726E+01    1.7582028791205857E-04    8.3801984034507726E+01   -1.1056636377382797E-02
  8.3959063667187223E+01    1.7516327570674860E-04    8.3959063667187223E+01   -1.1035964934503206E-02
  8.4116143299866707E+01    1.7450993887533554E-04    8.4116143299866707E+01   -1.1015370614934211E-02
  8.4273222932546204E+01    1.7386025005867238E-04    8.4273222932546204E+01   -1.0994852988019266E-02
  8.4430302565225688E+01    1.7321418215168031E-04    8.4430302565225688E+01   -1.0974411626301143E-02
  8.4587382197905185E+01    1.7257170830052234E-04    8.4587382197905185E+01   -1.0954046105492271E-02
  8.4744461830584669E+01    1.7193280189981485E-04    8.4744461830584669E+01   -1.0933756004445445E-02
  8.4901541463264152E+01    1.7129743658987411E-04    8.4901541463264152E+01   -1.0913540905124811E-02
  8.5058621095943650E+01    1.7066558625399906E-04    8.5058621095943650E+01   -1.0893400392577208E-02
  8.5215700728623133E+01    1.7003722501578904E-04    8.5215700728623133E+01   -1.0873334054903821E-02
  8.5372780361302631E+01    1.6941232723649517E-04    8.5372780361302631E+01   -1.0853341483232122E-02
  8.5529859993982114E+01    1.6879086751240703E-04    8.5529859993982114E+01   -1.0833422271688155E-02
  8.5686939626661612E+01    1.6817282067227164E-04    8.5686939626661612E+01   -1.0813576017369091E-02
  8.5844019259341096E+01    1.6755816177474613E-04    8.5844019259341096E+01   -1.0793802320316117E-02
  8.6001098892020593E+01    1.6694686610588263E-04    8.6001098892020593E+01   -1.0774100783487589E-02
  8.6158178524700077E+01    1.6633890917664532E-04    8.6158178524700077E+01   -1.0754471012732501E-02
  8.6315258157379560E+01    1.6573426672045880E-04    8.6315258157379560E+01   -1.0734912616764231E-02
  8.6472337790059058E+01    1.6513291469078805E-04    8.6472337790059058E+01   -1.0715425207134581E-02
  8.6629417422738541E+01    1.6453482925874867E-04    8.6629417422738541E+01   -1.0696008398208097E-02
  8.6786497055418039E+01    1.6393998681074726E-04    8.6786497055418039E+01   -1.0676661807136648E-02
  8.6943576688097522E+01    1.6334836394615198E-04    8.6943576688097522E+01   -1.0657385053834323E-02
  8.7100656320777020E+01    1.6275993747499223E-04    8.7100656320777020E+01   -1.0638177760952546E-02
  8.7257735953456503E+01    1.6217468441568708E-04    8.7257735953456503E+01   -1.0619039553855507E-02
  8.7414815586135987E+01    1.6159258199280265E-04    8.7414815586135987E+01   -1.0599970060595820E-02
  8.7571895218815484E+01    1.6101360763483717E-04    8.7571895218815484E+01   -1.0580968911890472E-02
  8.7728974851494968E+01    1.6043773897203421E-04    8.7728974851494968E+01   -1.0562035741097006E-02
  8.7886054484174466E+01    1.5986495383422247E-04    8.7886054484174466E+01   -1.0543170184189972E-02
  8.8043134116853949E+01    1.5929523024868362E-04    8.8043134116853949E+01   -1.0524371879737631E-02
  8.8200213749533447E+01    1.5872854643804538E-04    8.8200213749533447E+01   -1.0505640468878894E-02
  8.8357293382212930E+01    1.5816488081820201E-04    8.8357293382212930E+01   -1.0486975595300528E-02
  8.8514373014892428E+01    1.5760421199625943E-04    8.8514373014892428E+01   -1.0468376905214578E-02
  8.8671452647571911E+01    1.5704651876850687E-04    8.8671452647571911E+01   -1.0449844047336052E-02
  8.8828532280251395E+01    1.5649178011841266E-04    8.8828532280251395E+01   -1.0431376672860825E-02
  8.8985611912930892E+01    1.5593997521464527E-04    8.8985611912930892E+01   -1.0412974435443791E-02
  8.9142691545610376E+01    1.5539108340911873E-04    8.9142691545610376E+01   -1.0394636991177233E-02
  8.9299771178289873E+01    1.5484508423506152E-04    8.9299771178289873E+01   -1.0376363998569425E-02
  8.9456850810969357E+01    1.5430195740511013E-04    8.9456850810969357E+01   -1.0358155118523471E-02
  8.9613930443648854E+01    1.5376168280942487E-04    8.9613930443648854E+01   -1.0340010014316340E-02
  8.9771010076328338E+01    1.5322424051382937E-04    8.9771010076328338E+01   -1.0321928351578139E-02
  8.9928089709007821E+01    1.5268961075797291E-04    8.9928089709007821E+01   -1.0303909798271612E-02
  9.0085169341687319E+01    1.5215777395351465E-04    9.0085169341687319E+01   -1.0285954024671824E-02
  9.0242248974366802E+01    1.5162871068233021E-04    9.0242248974366802E+01   -1.0268060703346083E-02
  9.0399328607046300E+01    1.5110240169473999E-04    9.0399328607046300E+01   -1.0250229509134059E-02
  9.0556408239725783E+01    1.5057882790775920E-04    9.0556408239725783E+01   -1.0232460119128116E-02
  9.0713487872405281E+01    1.5005797040336836E-04    9.0713487872405281E+01   -1.0214752212653822E-02
  9.0870567505084765E+01    1.4953981042680576E-04    9.0870567505084765E+01   -1.0197105471250720E-02
  9.1027647137764262E+01    1.4902432938487928E-04    9.1027647137764262E+01   -1.0179519578653222E-02
  9.1184726770443746E+01    1.4851150884429991E-04    9.1184726770443746E+01   -1.0161994220771766E-02
  9.1341806403123229E+01    1.4800133053003377E-04    9.1341806403123229E+01   -1.0144529085674120E-02
  9.1498886035802727E+01    1.4749377632367524E-04    9.1498886035802727E+01   -1.0127123863566906E-02
  9.1655965668482210E+01    1.4698882826183878E-04    9.1655965668482210E+01   -1.0109778246777307E-02
  9.1813045301161708E+01    1.4648646853457017E-04    9.1813045301161708E+01   -1.0092491929734947E-02
  9.1970124933841191E+01    1.4598667948377715E-04    9.1970124933841191E+01   -1.0075264608953988E-02
  9.2127204566520689E+01    1.4548944360167766E-04    9.2127204566520689E+01   -1.0058095983015370E-02
  9.2284284199200172E+01    1.4499474352926793E-04    9.2284284199200172E+01   -1.0040985752549265E-02
  9.2441363831879656E+01    1.4450256205480766E-04    9.2441363831879656E+01   -1.0023933620217692E-02
  9.2598443464559153E+01    1.4401288211232362E-04    9.2598443464559153E+01   -1.0006939290697313E-02
  9.2755523097238637E+01    1.4352568678013106E-04    9.2755523097238637E+01   -9.9900024706624062E-03
  9.2912602729918135E+01    1.4304095927937229E-04    9.2912602729918135E+01   -9.9731228687680064E-03
  9.3069682362597618E+01    1.4255868297257277E-04    9.3069682362597618E+01   -9.9563001956332210E-03
  9.3226761995277116E+01    1.4207884136221380E-04    9.3226761995277116E+01   -9.9395341638247106E-03
  9.3383841627956599E+01    1.4160141808932264E-04    9.3383841627956599E+01   -9.9228244878403395E-03
  9.3540921260636097E+01    1.4112639693207834E-04    9.3540921260636097E+01   -9.9061708840929782E-03
  9.3698000893315580E+01    1.4065376180443501E-04    9.3698000893315580E+01   -9.8895730708944956E-03
  9.3855080525995064E+01    1.4018349675475975E-04    9.3855080525995064E+01   -9.8730307684398826E-03
  9.4012160158674561E+01    1.3971558596448773E-04    9.4012160158674561E+01   -9.8565436987915443E-03
  9.4169239791354045E+01    1.3925001374679260E-04    9.4169239791354045E+01   -9.8401115858637658E-03
  9.4326319424033542E+01    1.3878676454527191E-04    9.4326319424033542E+01   -9.8237341554073022E-03
  9.4483399056713026E+01    1.3832582293264836E-04    9.4483399056713026E+01   -9.8074111349941515E-03
  9.4640478689392523E+01    1.3786717360948582E-04    9.4640478689392523E+01   -9.7911422540024485E-03
  9.4797558322072007E+01    1.3741080140292051E-04    9.4797558322072007E+01   -9.7749272436015548E-03
  9.4954637954751490E+01    1.3695669126540631E-04    9.4954637954751490E+01   -9.7587658367372324E-03
  9.5111717587430988E+01    1.3650482827347516E-04    9.5111717587430988E+01   -9.7426577681170266E-03
  9.5268797220110471E+01    1.3605519762651137E-04    9.5268797220110471E+01   -9.7266027741957500E-03
  9.5425876852789969E+01    1.3560778464554013E-04    9.5425876852789969E+01   -9.7106005931611328E-03
  9.5582956485469452E+01    1.3516257477202994E-04    9.5582956485469452E+01   -9.6946509649196069E-03
  9.5740036118148950E+01    1.3471955356670872E-04    9.5740036118148950E+01   -9.6787536310822212E-03
  9.5897115750828434E+01    1.3427870670839365E-04    9.5897115750828434E+01   -9.6629083349507143E-03
  9.6054195383507931E+01    1.3384001999283408E-04    9.6054195383507931E+01   -9.6471148215037036E-03
  9.6211275016187415E+01    1.3340347933156805E-04    9.6211275016187415E+01   -9.6313728373830301E-03
  9.6368354648866898E+01    1.3296907075079122E-04    9.6368354648866898E+01   -9.6156821308802064E-03
  9.6525434281546396E+01    1.3253678039023940E-04    9.6525434281546396E+01   -9.6000424519230333E-03
  9.6682513914225879E+01    1.3210659450208330E-04    9.6682513914225879E+01   -9.5844535520623227E-03
  9.6839593546905377E+01    1.3167849944983583E-04    9.6839593546905377E+01   -9.5689151844587494E-03
  9.6996673179584860E+01    1.3125248170727199E-04    9.6996673179584860E+01   -9.5534271038698430E-03
  9.7153752812264358E+01    1.3082852785736076E-04    9.7153752812264358E+01   -9.5379890666371005E-03
  9.7310832444943841E+01    1.3040662459120911E-04    9.7310832444943841E+01   -9.5226008306732186E-03
  9.7467912077623325E+01    1.2998675870701793E-04    9.7467912077623325E+01   -9.5072621554494474E-03
  9.7624991710302822E+01    1.2956891710904958E-04    9.7624991710302822E+01   -9.4919728019830819E-03
  9.7782071342982306E+01    1.2915308680660744E-04    9.7782071342982306E+01   -9.4767325328250617E-03
  9.7939150975661803E+01    1.2873925491302605E-04    9.7939150975661803E+01   -9.4615411120476823E-03
  9.8096230608341287E+01    1.2832740864467376E-04    9.8096230608341287E+01   -9.4463983052324434E-03
  9.8253310241020785E+01    1.2791753531996510E-04    9.8253310241020785E+01   -9.4313038794579963E-03
  9.8410389873700268E+01    1.2750962235838568E-04    9.8410389873700268E+01   -9.4162576032882223E-03
  9.8567469506379766E+01    1.2710365727952656E-04    9.8567469506379766E+01   -9.4012592467604041E-03
  9.8724549139059249E+01    1.2669962770213045E-04    9.8724549139059249E+01   -9.3863085813735373E-03
  9.8881628771738733E+01    1.2629752134314768E-04    9.8881628771738733E+01   -9.3714053800767229E-03
  9.9038708404418230E+01    1.2589732601680318E-04    9.9038708404418230E+01   -9.3565494172576924E-03
  9.9195788037097714E+01    1.2549902963367377E-04    9.9195788037097714E+01   -9.3417404687314402E-03
  9.9352867669777211E+01    1.2510262019977496E-04    9.9352867669777211E+01   -9.3269783117289444E-03
  9.9509947302456695E+01    1.2470808581565895E-04    9.9509947302456695E+01   -9.3122627248860210E-03
  9.9667026935136192E+01    1.2431541467552146E-04    9.9667026935136192E+01   -9.2975934882322583E-03
  9.9824106567815676E+01    1.2392459506631922E-04    9.9824106567815676E+01   -9.2829703831800777E-03
  9.9981186200495159E+01    1.2353561536689666E-04    9.9981186200495159E+01   -9.2683931925138831E-03
