                       w                      Re11                         w                      Im11
  7.8539816339744828E-02    1.5470692028284905E-01    7.8539816339744828E-02    3.9089703054802705E-01
  2.3561944901923448E-01    4.2382617692558480E-02    2.3561944901923448E-01    3.5648750819735159E-01
  3.9269908169872414E-01    2.5606725661887438E-02    3.9269908169872414E-01    3.0704578685162182E-01
  5.4977871437821380E-01    3.0009217953507618E-02    5.4977871437821380E-01    2.5970352148285047E-01
  7.0685834705770345E-01    3.4904254824785527E-02    7.0685834705770345E-01    2.2331614615721040E-01
  8.6393797973719311E-01    3.7640994895321481E-02    8.6393797973719311E-01    1.9619646855501460E-01
  1.0210176124166828E+00    3.8560811584885030E-02    1.0210176124166828E+00    1.7569833408256652E-01
  1.1780972450961724E+00    3.8255097994459628E-02    1.1780972450961724E+00    1.5979238544917379E-01
  1.3351768777756621E+00    3.7178097744768157E-02    1.3351768777756621E+00    1.4709258208164133E-01
  1.4922565104551517E+00    3.5641421127769253E-02    1.4922565104551517E+00    1.3667405682589126E-01
  1.6493361431346414E+00    3.3853529811675720E-02    1.6493361431346414E+00    1.2791767660826220E-01
  1.8064157758141310E+00    3.1952654534640725E-02    1.8064157758141310E+00    1.2040373940490043E-01
  1.9634954084936207E+00    3.0029450806097327E-02    1.9634954084936207E+00    1.1384299129099665E-01
  2.1205750411731104E+00    2.8142175876382011E-02    2.1205750411731104E+00    1.0803230488869034E-01
  2.2776546738526000E+00    2.6326946393559002E-02    2.2776546738526000E+00    1.0282610064409339E-01
  2.4347343065320897E+00    2.4604770027854033E-02    2.4347343065320897E+00    9.8117769709212335E-02
  2.5918139392115793E+00    2.2986417047513089E-02    2.5918139392115793E+00    9.3827481789819048E-02
  2.7488935718910690E+00    2.1475813481075492E-02    2.7488935718910690E+00    8.9894100914049355E-02
  2.9059732045705586E+00    2.0072405891432499E-02    2.9059732045705586E+00    8.6269766603443154E-02
  3.0630528372500483E+00    1.8772803909420967E-02    3.0630528372500483E+00    8.2916219362838078E-02
  3.2201324699295379E+00    1.7571913383994772E-02    3.2201324699295379E+00    7.9802277651653569E-02
  3.3772121026090276E+00    1.6463710132064803E-02    3.3772121026090276E+00    7.6902081833086611E-02
  3.5342917352885173E+00    1.5441760690234561E-02    3.5342917352885173E+00    7.4193853856156872E-02
  3.6913713679680069E+00    1.4499565733148754E-02    3.6913713679680069E+00    7.1659007275374415E-02
  3.8484510006474966E+00    1.3630779944075732E-02    3.8484510006474966E+00    6.9281497893044511E-02
  4.0055306333269858E+00    1.2829346490719810E-02    4.0055306333269858E+00    6.7047341657941087E-02
  4.1626102660064763E+00    1.2089573083515440E-02    4.1626102660064763E+00    6.4944250338116780E-02
  4.3196898986859651E+00    1.1406168613945925E-02    4.3196898986859651E+00    6.2961351284911288E-02
  4.4767695313654556E+00    1.0774253685112801E-02    4.4767695313654556E+00    6.1088968130130400E-02
  4.6338491640449444E+00    1.0189354306980519E-02    4.6338491640449444E+00    5.9318446322110675E-02
  4.7909287967244349E+00    9.6473851667878332E-03    4.7909287967244349E+00    5.7642012185064859E-02
  4.9480084294039237E+00    9.1446268643789342E-03    4.9480084294039237E+00    5.6052657446629323E-02
  5.1050880620834143E+00    8.6777000807969143E-03    5.1050880620834143E+00    5.4544043423688807E-02
  5.2621676947629030E+00    8.2435386530714996E-03    5.2621676947629030E+00    5.3110420617806103E-02
  5.4192473274423936E+00    7.8393628348006512E-03    5.4192473274423936E+00    5.1746560568726535E-02
  5.5763269601218823E+00    7.4626535424702385E-03    5.5763269601218823E+00    5.0447697594098465E-02
  5.7334065928013729E+00    7.1111280585319210E-03    5.7334065928013729E+00    4.9209478604201613E-02
  5.8904862254808616E+00    6.7827174393284588E-03    5.8904862254808616E+00    4.8027919588656466E-02
  6.0475658581603522E+00    6.4755457272698642E-03    6.0475658581603522E+00    4.6899367673102710E-02
  6.2046454908398410E+00    6.1879109697346134E-03    6.2046454908398410E+00    4.5820467868757361E-02
  6.3617251235193315E+00    5.9182679860939995E-03    6.3617251235193315E+00    4.4788133808073102E-02
  6.5188047561988203E+00    5.6652127878156497E-03    6.5188047561988203E+00    4.3799521890393503E-02
  6.6758843888783108E+00    5.4274685368983248E-03    6.6758843888783108E+00    4.2852008363072361E-02
  6.8329640215577996E+00    5.2038729193887683E-03    6.8329640215577996E+00    4.1943168943471491E-02
  6.9900436542372901E+00    4.9933668095667799E-03    6.9900436542372901E+00    4.1070760650929239E-02
  7.1471232869167789E+00    4.7949841038752413E-03    7.1471232869167789E+00    4.0232705569088076E-02
  7.3042029195962694E+00    4.6078426099696989E-03    7.3042029195962694E+00    3.9427076300719593E-02
  7.4612825522757582E+00    4.4311358841094169E-03    7.4612825522757582E+00    3.8652082911495377E-02
  7.6183621849552488E+00    4.2641259186630047E-03    7.6183621849552488E+00    3.7906061187591988E-02
  7.7754418176347375E+00    4.1061365902012705E-03    7.7754418176347375E+00    3.7187462055780357E-02
  7.9325214503142281E+00    3.9565477871427697E-03    7.9325214503142281E+00    3.6494842034642282E-02
  8.0896010829937168E+00    3.8147901439878271E-03    8.0896010829937168E+00    3.5826854602485407E-02
  8.2466807156732074E+00    3.6803403167033409E-03    8.2466807156732074E+00    3.5182242381943243E-02
  8.4037603483526961E+00    3.5527167407462847E-03    8.4037603483526961E+00    3.4559830053583457E-02
  8.5608399810321867E+00    3.4314758195233388E-03    8.5608399810321867E+00    3.3958517921453386E-02
  8.7179196137116755E+00    3.3162084967897111E-03    8.7179196137116755E+00    3.3377276062646191E-02
  8.8749992463911660E+00    3.2065371716203240E-03    8.8749992463911660E+00    3.2815139000901085E-02
  9.0320788790706548E+00    3.1021129191795790E-03    9.0320788790706548E+00    3.2271200851143905E-02
  9.1891585117501453E+00    3.0026129846142152E-03    9.1891585117501453E+00    3.1744610887881539E-02
  9.3462381444296341E+00    2.9077385210416950E-03    9.3462381444296341E+00    3.1234569495615636E-02
  9.5033177771091246E+00    2.8172125458473325E-03    9.5033177771091246E+00    3.0740324464041662E-02
  9.6603974097886134E+00    2.7307780923785828E-03    9.6603974097886134E+00    3.0261167594840200E-02
  9.8174770424681039E+00    2.6481965366731736E-03    9.8174770424681039E+00    2.9796431590423299E-02
  9.9745566751475927E+00    2.5692460811149280E-03    9.9745566751475927E+00    2.9345487198134269E-02
  1.0131636307827083E+01    2.4937203789095648E-03    1.0131636307827083E+01    2.8907740586169305E-02
  1.0288715940506572E+01    2.4214272850419565E-03    1.0288715940506572E+01    2.8482630929940383E-02
  1.0445795573186063E+01    2.3521877209425231E-03    1.0445795573186063E+01    2.8069628189771857E-02
  1.0602875205865551E+01    2.2858346414773188E-03    1.0602875205865551E+01    2.7668231062751809E-02
  1.0759954838545042E+01    2.2222120941046346E-03    1.0759954838545042E+01    2.7277965093274251E-02
  1.0917034471224531E+01    2.1611743611294450E-03    1.0917034471224531E+01    2.6898380928335377E-02
  1.1074114103904021E+01    2.1025851769519099E-03    1.1074114103904021E+01    2.6529052705008032E-02
  1.1231193736583510E+01    2.0463170130621557E-03    1.1231193736583510E+01    2.6169576558734524E-02
  1.1388273369263000E+01    1.9922504242932950E-03    1.1388273369263000E+01    2.5819569242163838E-02
  1.1545353001942489E+01    1.9402734505195758E-03    1.1545353001942489E+01    2.5478666845232166E-02
  1.1702432634621980E+01    1.8902810685863928E-03    1.1702432634621980E+01    2.5146523608056633E-02
  1.1859512267301469E+01    1.8421746897926449E-03    1.1859512267301469E+01    2.4822810818994307E-02
  1.2016591899980959E+01    1.7958616987209972E-03    1.2016591899980959E+01    2.4507215790920314E-02
  1.2173671532660448E+01    1.7512550296350346E-03    1.2173671532660448E+01    2.4199440909410556E-02
  1.2330751165339938E+01    1.7082727770398346E-03    1.2330751165339938E+01    2.3899202747082716E-02
  1.2487830798019427E+01    1.6668378373395428E-03    1.2487830798019427E+01    2.3606231238861467E-02
  1.2644910430698918E+01    1.6268775788265619E-03    1.2644910430698918E+01    2.3320268913395614E-02
  1.2801990063378407E+01    1.5883235375062509E-03    1.2801990063378407E+01    2.3041070176272445E-02
  1.2959069696057897E+01    1.5511111365018868E-03    1.2959069696057897E+01    2.2768400641051054E-02
  1.3116149328737386E+01    1.5151794270005330E-03    1.3116149328737386E+01    2.2502036504478261E-02
  1.3273228961416876E+01    1.4804708488938914E-03    1.3273228961416876E+01    2.2241763962559041E-02
  1.3430308594096365E+01    1.4469310094419026E-03    1.3430308594096365E+01    2.1987378664434169E-02
  1.3587388226775856E+01    1.4145084784427664E-03    1.3587388226775856E+01    2.1738685201271271E-02
  1.3744467859455344E+01    1.3831545985332888E-03    1.3744467859455344E+01    2.1495496627606820E-02
  1.3901547492134835E+01    1.3528233093695768E-03    1.3901547492134835E+01    2.1257634012786131E-02
  1.4058627124814324E+01    1.3234709845517292E-03    1.4058627124814324E+01    2.1024926020339368E-02
  1.4215706757493814E+01    1.2950562802585500E-03    1.4215706757493814E+01    2.0797208513305528E-02
  1.4372786390173303E+01    1.2675399946506932E-03    1.4372786390173303E+01    2.0574324183674525E-02
  1.4529866022852794E+01    1.2408849371840546E-03    1.4529866022852794E+01    2.0356122204262299E-02
  1.4686945655532282E+01    1.2150558070506072E-03    1.4686945655532282E+01    2.0142457901465610E-02
  1.4844025288211773E+01    1.1900190800320420E-03    1.4844025288211773E+01    1.9933192447463714E-02
  1.5001104920891262E+01    1.1657429031133040E-03    1.5001104920891262E+01    1.9728192570544423E-02
  1.5158184553570752E+01    1.1421969962590089E-03    1.5158184553570752E+01    1.9527330282332837E-02
  1.5315264186250241E+01    1.1193525608064446E-03    1.5315264186250241E+01    1.9330482620793364E-02
  1.5472343818929732E+01    1.0971821939748476E-03    1.5472343818929732E+01    1.9137531407960373E-02
  1.5629423451609220E+01    1.0756598090324472E-03    1.5629423451609220E+01    1.8948363021430471E-02
  1.5786503084288711E+01    1.0547605607007327E-03    1.5786503084288711E+01    1.8762868178720540E-02
  1.5943582716968200E+01    1.0344607754099657E-03    1.5943582716968200E+01    1.8580941733661281E-02
  1.6100662349647688E+01    1.0147378860513891E-03    1.6100662349647688E+01    1.8402482484056154E-02
  1.6257741982327179E+01    9.9557037090025721E-04    1.6257741982327179E+01    1.8227392989890824E-02
  1.6414821615006669E+01    9.7693769640992819E-04    1.6414821615006669E+01    1.8055579401429413E-02
  1.6571901247686160E+01    9.5882026360109547E-04    1.6571901247686160E+01    1.7886951296580578E-02
  1.6728980880365647E+01    9.4119935779200955E-04    1.6728980880365647E+01    1.7721421526959821E-02
  1.6886060513045138E+01    9.2405710143542662E-04    1.6886060513045138E+01    1.7558906072114293E-02
  1.7043140145724628E+01    9.0737640984621230E-04    1.7043140145724628E+01    1.7399323901413240E-02
  1.7200219778404119E+01    8.9114094962017059E-04    1.7200219778404119E+01    1.7242596843141209E-02
  1.7357299411083606E+01    8.7533509955991585E-04    1.7357299411083606E+01    1.7088649460362558E-02
  1.7514379043763096E+01    8.5994391393756533E-04    1.7514379043763096E+01    1.6937408933154961E-02
  1.7671458676442587E+01    8.4495308793685383E-04    1.7671458676442587E+01    1.6788804946836489E-02
  1.7828538309122077E+01    8.3034892512900472E-04    1.7828538309122077E+01    1.6642769585835656E-02
  1.7985617941801564E+01    8.1611830684750835E-04    1.7985617941801564E+01    1.6499237232877051E-02
  1.8142697574481055E+01    8.0224866333685418E-04    1.8142697574481055E+01    1.6358144473176441E-02
  1.8299777207160545E+01    7.8872794655940543E-04    1.8299777207160545E+01    1.6219430003359250E-02
  1.8456856839840036E+01    7.7554460455297124E-04    1.8456856839840036E+01    1.6083034544834451E-02
  1.8613936472519523E+01    7.6268755723937157E-04    1.8613936472519523E+01    1.5948900761373331E-02
  1.8771016105199013E+01    7.5014617359140073E-04    1.8771016105199013E+01    1.5816973180658271E-02
  1.8928095737878504E+01    7.3791025007215552E-04    1.8928095737878504E+01    1.5687198119581566E-02
  1.9085175370557995E+01    7.2596999026673832E-04    1.9085175370557995E+01    1.5559523613087951E-02
  1.9242255003237482E+01    7.1431598563193683E-04    1.9242255003237482E+01    1.5433899346367406E-02
  1.9399334635916972E+01    7.0293919729463340E-04    1.9399334635916972E+01    1.5310276590216644E-02
  1.9556414268596463E+01    6.9183093883446183E-04    1.9556414268596463E+01    1.5188608139398825E-02
  1.9713493901275953E+01    6.8098285999063394E-04    1.9713493901275953E+01    1.5068848253841357E-02
  1.9870573533955440E+01    6.7038693123693308E-04    1.9870573533955440E+01    1.4950952602521272E-02
  2.0027653166634931E+01    6.6003542917264155E-04    2.0027653166634931E+01    1.4834878209896764E-02
  2.0184732799314421E+01    6.4992092268066658E-04    2.0184732799314421E+01    1.4720583404751752E-02
  2.0341812431993912E+01    6.4003625980735680E-04    2.0341812431993912E+01    1.4608027771328268E-02
  2.0498892064673399E+01    6.3037455532151073E-04    2.0498892064673399E+01    1.4497172102628755E-02
  2.0655971697352889E+01    6.2092917891285295E-04    2.0655971697352889E+01    1.4387978355777282E-02
  2.0813051330032380E+01    6.1169374399284960E-04    2.0813051330032380E+01    1.4280409609335000E-02
  2.0970130962711870E+01    6.0266209706311439E-04    2.0970130962711870E+01    1.4174430022471263E-02
  2.1127210595391357E+01    5.9382830761890595E-04    2.1127210595391357E+01    1.4070004795897397E-02
  2.1284290228070848E+01    5.8518665855726961E-04    2.1284290228070848E+01    1.3967100134475385E-02
  2.1441369860750338E+01    5.7673163706131844E-04    2.1441369860750338E+01    1.3865683211418661E-02
  2.1598449493429829E+01    5.6845792593393073E-04    2.1598449493429829E+01    1.3765722134006847E-02
  2.1755529126109316E+01    5.6036039535581187E-04    2.1755529126109316E+01    1.3667185910740572E-02
  2.1912608758788807E+01    5.5243409504442771E-04    2.1912608758788807E+01    1.3570044419866614E-02
  2.2069688391468297E+01    5.4467424679175650E-04    2.2069688391468297E+01    1.3474268379207420E-02
  2.2226768024147788E+01    5.3707623736016456E-04    2.2226768024147788E+01    1.3379829317232625E-02
  2.2383847656827275E+01    5.2963561171696222E-04    2.2383847656827275E+01    1.3286699545313564E-02
  2.2540927289506765E+01    5.2234806658937730E-04    2.2540927289506765E+01    1.3194852131104990E-02
  2.2698006922186256E+01    5.1520944432277972E-04    2.2698006922186256E+01    1.3104260873001108E-02
  2.2855086554865746E+01    5.0821572702601037E-04    2.2855086554865746E+01    1.3014900275615908E-02
  2.3012166187545233E+01    5.0136303098862974E-04    2.3012166187545233E+01    1.2926745526240353E-02
  2.3169245820224724E+01    4.9464760135579423E-04    2.3169245820224724E+01    1.2839772472231524E-02
  2.3326325452904214E+01    4.8806580704730717E-04    2.3326325452904214E+01    1.2753957599291129E-02
  2.3483405085583705E+01    4.8161413590816753E-04    2.3483405085583705E+01    1.2669278010592939E-02
  2.3640484718263192E+01    4.7528919007868337E-04    2.3640484718263192E+01    1.2585711406720922E-02
  2.3797564350942682E+01    4.6908768157289093E-04    2.3797564350942682E+01    1.2503236066381594E-02
  2.3954643983622173E+01    4.6300642805467343E-04    2.3954643983622173E+01    1.2421830827856212E-02
  2.4111723616301663E+01    4.5704234880156820E-04    2.4111723616301663E+01    1.2341475071159923E-02
  2.4268803248981150E+01    4.5119246084682083E-04    2.4268803248981150E+01    1.2262148700876791E-02
  2.4425882881660641E+01    4.4545387529076950E-04    2.4425882881660641E+01    1.2183832129641099E-02
  2.4582962514340132E+01    4.3982379377314763E-04    2.4582962514340132E+01    1.2106506262236860E-02
  2.4740042147019622E+01    4.3429950509834821E-04    2.4740042147019622E+01    1.2030152480288738E-02
  2.4897121779699109E+01    4.2887838200614107E-04    2.4897121779699109E+01    1.1954752627518998E-02
  2.5054201412378600E+01    4.2355787808074128E-04    2.5054201412378600E+01    1.1880288995546294E-02
  2.5211281045058090E+01    4.1833552479151313E-04    2.5211281045058090E+01    1.1806744310203295E-02
  2.5368360677737581E+01    4.1320892865895933E-04    2.5368360677737581E+01    1.1734101718351191E-02
  2.5525440310417068E+01    4.0817576853998522E-04    2.5525440310417068E+01    1.1662344775170298E-02
  2.5682519943096558E+01    4.0323379302674997E-04    2.5682519943096558E+01    1.1591457431906786E-02
  2.5839599575776049E+01    3.9838081795372124E-04    2.5839599575776049E+01    1.1521424024056728E-02
  2.5996679208455539E+01    3.9361472400782968E-04    2.5996679208455539E+01    1.1452229259969318E-02
  2.6153758841135026E+01    3.8893345443689290E-04    2.6153758841135026E+01    1.1383858209852122E-02
  2.6310838473814517E+01    3.8433501285172850E-04    2.6310838473814517E+01    1.1316296295161943E-02
  2.6467918106494007E+01    3.7981746111761502E-04    2.6467918106494007E+01    1.1249529278365668E-02
  2.6624997739173498E+01    3.7537891733098347E-04    2.6624997739173498E+01    1.1183543253056183E-02
  2.6782077371852985E+01    3.7101755387743341E-04    2.6782077371852985E+01    1.1118324634409078E-02
  2.6939157004532476E+01    3.6673159556736802E-04    2.6939157004532476E+01    1.1053860149966597E-02
  2.7096236637211966E+01    3.6251931784573351E-04    2.7096236637211966E+01    1.0990136830735835E-02
  2.7253316269891457E+01    3.5837904507251829E-04    2.7253316269891457E+01    1.0927142002588770E-02
  2.7410395902570944E+01    3.5430914887084542E-04    2.7410395902570944E+01    1.0864863277952327E-02
  2.7567475535250434E+01    3.5030804653964212E-04    2.7567475535250434E+01    1.0803288547777097E-02
  2.7724555167929925E+01    3.4637419952802663E-04    2.7724555167929925E+01    1.0742405973773995E-02
  2.7881634800609415E+01    3.4250611196868711E-04    2.7881634800609415E+01    1.0682203980908401E-02
  2.8038714433288902E+01    3.3870232926766996E-04    2.8038714433288902E+01    1.0622671250142001E-02
  2.8195794065968393E+01    3.3496143674811282E-04    2.8195794065968393E+01    1.0563796711412790E-02
  2.8352873698647883E+01    3.3128205834558413E-04    2.8352873698647883E+01    1.0505569536844252E-02
  2.8509953331327374E+01    3.2766285535280182E-04    2.8509953331327374E+01    1.0447979134175044E-02
  2.8667032964006861E+01    3.2410252521160890E-04    2.8667032964006861E+01    1.0391015140400840E-02
  2.8824112596686351E+01    3.2059980035019012E-04    2.8824112596686351E+01    1.0334667415620506E-02
  2.8981192229365842E+01    3.1715344706360649E-04    2.8981192229365842E+01    1.0278926037078917E-02
  2.9138271862045332E+01    3.1376226443581708E-04    2.9138271862045332E+01    1.0223781293399190E-02
  2.9295351494724819E+01    3.1042508330144297E-04    2.9295351494724819E+01    1.0169223678997349E-02
  2.9452431127404310E+01    3.0714076524561120E-04    2.9452431127404310E+01    1.0115243888672711E-02
  2.9609510760083801E+01    3.0390820164029526E-04    2.9609510760083801E+01    1.0061832812367668E-02
  2.9766590392763291E+01    3.0072631271563753E-04    2.9766590392763291E+01    1.0008981530090633E-02
  2.9923670025442778E+01    2.9759404666481669E-04    2.9923670025442778E+01    9.9566813069963296E-03
  3.0080749658122269E+01    2.9451037878108093E-04    3.0080749658122269E+01    9.9049235886177513E-03
  3.0237829290801759E+01    2.9147431062563910E-04    3.0237829290801759E+01    9.8536999962443861E-03
  3.0394908923481250E+01    2.8848486922515370E-04    3.0394908923481250E+01    9.8030023224415092E-03
  3.0551988556160737E+01    2.8554110629764326E-04    3.0551988556160737E+01    9.7528225267055450E-03
  3.0709068188840227E+01    2.8264209750565090E-04    3.0709068188840227E+01    9.7031527312507228E-03
  3.0866147821519718E+01    2.7978694173558970E-04    3.0866147821519718E+01    9.6539852169224560E-03
  3.1023227454199208E+01    2.7697476040222321E-04    3.1023227454199208E+01    9.6053124192329517E-03
  3.1180307086878695E+01    2.7420469677728507E-04    3.1180307086878695E+01    9.5571269245149186E-03
  3.1337386719558186E+01    2.7147591534128771E-04    3.1337386719558186E+01    9.5094214661892197E-03
  3.1494466352237676E+01    2.6878760115761109E-04    3.1494466352237676E+01    9.4621889211425961E-03
  3.1651545984917167E+01    2.6613895926799931E-04    3.1651545984917167E+01    9.4154223062116755E-03
  3.1808625617596654E+01    2.6352921410863824E-04    3.1808625617596654E+01    9.3691147747696976E-03
  3.1965705250276145E+01    2.6095760894601306E-04    3.1965705250276145E+01    9.3232596134124081E-03
  3.2122784882955635E+01    2.5842340533179062E-04    3.2122784882955635E+01    9.2778502387398775E-03
  3.2279864515635126E+01    2.5592588257599303E-04    3.2279864515635126E+01    9.2328801942309219E-03
  3.2436944148314616E+01    2.5346433723776903E-04    3.2436944148314616E+01    9.1883431472071231E-03
  3.2594023780994107E+01    2.5103808263309360E-04    3.2594023780994107E+01    9.1442328858834312E-03
  3.2751103413673590E+01    2.4864644835875745E-04    3.2751103413673590E+01    9.1005433165024987E-03
  3.2908183046353081E+01    2.4628877983203407E-04    3.2908183046353081E+01    9.0572684605499700E-03
  3.3065262679032571E+01    2.4396443784543826E-04    3.3065262679032571E+01    9.0144024520481258E-03
  3.3222342311712062E+01    2.4167279813601348E-04    3.3222342311712062E+01    8.9719395349252724E-03
  3.3379421944391552E+01    2.3941325096860975E-04    3.3379421944391552E+01    8.9298740604584516E-03
  3.3536501577071043E+01    2.3718520073263649E-04    3.3536501577071043E+01    8.8882004847870792E-03
  3.3693581209750533E+01    2.3498806555179443E-04    3.3693581209750533E+01    8.8469133664952695E-03
  3.3850660842430024E+01    2.3282127690631277E-04    3.3850660842430024E+01    8.8060073642606020E-03
  3.4007740475109507E+01    2.3068427926723609E-04    3.4007740475109507E+01    8.7654772345672378E-03
  3.4164820107788998E+01    2.2857652974232385E-04    3.4164820107788998E+01    8.7253178294813376E-03
  3.4321899740468488E+01    2.2649749773314488E-04    3.4321899740468488E+01    8.6855240944868316E-03
  3.4478979373147979E+01    2.2444666460296351E-04    3.4478979373147979E+01    8.6460910663796083E-03
  3.4636059005827470E+01    2.2242352335503162E-04    3.4636059005827470E+01    8.6070138712183147E-03
  3.4793138638506960E+01    2.2042757832091693E-04    3.4793138638506960E+01    8.5682877223300126E-03
  3.4950218271186451E+01    2.1845834485851098E-04    3.4950218271186451E+01    8.5299079183689692E-03
  3.5107297903865941E+01    2.1651534905937567E-04    3.5107297903865941E+01    8.4918698414269446E-03
  3.5264377536545425E+01    2.1459812746509965E-04    3.5264377536545425E+01    8.4541689551934068E-03
  3.5421457169224915E+01    2.1270622679235026E-04    3.5421457169224915E+01    8.4168008031641241E-03
  3.5578536801904406E+01    2.1083920366631731E-04    3.5578536801904406E+01    8.3797610068966685E-03
  3.5735616434583896E+01    2.0899662436225778E-04    3.5735616434583896E+01    8.3430452643114203E-03
  3.5892696067263387E+01    2.0717806455486200E-04    3.5892696067263387E+01    8.3066493480366613E-03
  3.6049775699942877E+01    2.0538310907517170E-04    3.6049775699942877E+01    8.2705691037964664E-03
  3.6206855332622368E+01    2.0361135167479215E-04    3.6206855332622368E+01    8.2348004488400958E-03
  3.6363934965301858E+01    2.0186239479714875E-04    3.6363934965301858E+01    8.1993393704116405E-03
  3.6521014597981342E+01    2.0013584935554948E-04    3.6521014597981342E+01    8.1641819242587350E-03
  3.6678094230660832E+01    1.9843133451782257E-04    3.6678094230660832E+01    8.1293242331791759E-03
  3.6835173863340323E+01    1.9674847749730868E-04    3.6835173863340323E+01    8.0947624856043347E-03
  3.6992253496019813E+01    1.9508691334999356E-04    3.6992253496019813E+01    8.0604929342182816E-03
  3.7149333128699304E+01    1.9344628477757674E-04    3.7149333128699304E+01    8.0265118946115620E-03
  3.7306412761378795E+01    1.9182624193627896E-04    3.7306412761378795E+01    7.9928157439686370E-03
  3.7463492394058285E+01    1.9022644225119708E-04    3.7463492394058285E+01    7.9594009197880115E-03
  3.7620572026737776E+01    1.8864655023602522E-04    3.7620572026737776E+01    7.9262639186340814E-03
  3.7777651659417259E+01    1.8708623731796453E-04    3.7777651659417259E+01    7.8934012949198155E-03
  3.7934731292096750E+01    1.8554518166765172E-04    3.7934731292096750E+01    7.8608096597193658E-03
  3.8091810924776240E+01    1.8402306803394427E-04    3.8091810924776240E+01    7.8284856796097813E-03
  3.8248890557455731E+01    1.8251958758340255E-04    3.8248890557455731E+01    7.7964260755409610E-03
  3.8405970190135221E+01    1.8103443774431877E-04    3.8405970190135221E+01    7.7646276217330805E-03
  3.8563049822814712E+01    1.7956732205514546E-04    3.8563049822814712E+01    7.7330871446006861E-03
  3.8720129455494202E+01    1.7811795001718232E-04    3.8720129455494202E+01    7.7018015217027464E-03
  3.8877209088173693E+01    1.7668603695138624E-04    3.8877209088173693E+01    7.6707676807178859E-03
  3.9034288720853176E+01    1.7527130385917196E-04    3.9034288720853176E+01    7.6399825984441623E-03
  3.9191368353532667E+01    1.7387347728707811E-04    3.9191368353532667E+01    7.6094432998226264E-03
  3.9348447986212157E+01    1.7249228919517597E-04    3.9348447986212157E+01    7.5791468569840880E-03
  3.9505527618891648E+01    1.7112747682910341E-04    3.9505527618891648E+01    7.5490903883183996E-03
  3.9662607251571139E+01    1.6977878259561010E-04    3.9662607251571139E+01    7.5192710575656355E-03
  3.9819686884250629E+01    1.6844595394150511E-04    3.9819686884250629E+01    7.4896860729286203E-03
  3.9976766516930120E+01    1.6712874323590032E-04    3.9976766516930120E+01    7.4603326862061527E-03
  4.0133846149609610E+01    1.6582690765564852E-04    4.0133846149609610E+01    7.4312081919464274E-03
  4.0290925782289094E+01    1.6454020907387650E-04    4.0290925782289094E+01    7.4023099266200716E-03
  4.0448005414968584E+01    1.6326841395151903E-04    4.0448005414968584E+01    7.3736352678122835E-03
  4.0605085047648075E+01    1.6201129323176121E-04    4.0605085047648075E+01    7.3451816334335548E-03
  4.0762164680327565E+01    1.6076862223730122E-04    4.0762164680327565E+01    7.3169464809484889E-03
  4.0919244313007056E+01    1.5954018057034647E-04    4.0919244313007056E+01    7.2889273066222178E-03
  4.1076323945686546E+01    1.5832575201526179E-04    4.1076323945686546E+01    7.2611216447839647E-03
  4.1233403578366037E+01    1.5712512444378911E-04    4.1233403578366037E+01    7.2335270671073136E-03
  4.1390483211045527E+01    1.5593808972276106E-04    4.1390483211045527E+01    7.2061411819066912E-03
  4.1547562843725011E+01    1.5476444362423446E-04    4.1547562843725011E+01    7.1789616334497139E-03
  4.1704642476404501E+01    1.5360398573797075E-04    4.1704642476404501E+01    7.1519861012849170E-03
  4.1861722109083992E+01    1.5245651938619478E-04    4.1861722109083992E+01    7.1252122995845088E-03
  4.2018801741763482E+01    1.5132185154056310E-04    4.2018801741763482E+01    7.0986379765017454E-03
  4.2175881374442973E+01    1.5019979274127784E-04    4.2175881374442973E+01    7.0722609135425336E-03
  4.2332961007122464E+01    1.4909015701828219E-04    4.2332961007122464E+01    7.0460789249509360E-03
  4.2490040639801954E+01    1.4799276181447706E-04    4.2490040639801954E+01    7.0200898571081737E-03
  4.2647120272481445E+01    1.4690742791089991E-04    4.2647120272481445E+01    6.9942915879448175E-03
  4.2804199905160928E+01    1.4583397935380842E-04    4.2804199905160928E+01    6.9686820263658213E-03
  4.2961279537840419E+01    1.4477224338361387E-04    4.2961279537840419E+01    6.9432591116880549E-03
  4.3118359170519909E+01    1.4372205036561152E-04    4.3118359170519909E+01    6.9180208130900540E-03
  4.3275438803199400E+01    1.4268323372245513E-04    4.3275438803199400E+01    6.8929651290736502E-03
  4.3432518435878890E+01    1.4165562986832649E-04    4.3432518435878890E+01    6.8680900869371947E-03
  4.3589598068558381E+01    1.4063907814475159E-04    4.3589598068558381E+01    6.8433937422600916E-03
  4.3746677701237871E+01    1.3963342075801581E-04    4.3746677701237871E+01    6.8188741783983377E-03
  4.3903757333917362E+01    1.3863850271813365E-04    4.3903757333917362E+01    6.7945295059908314E-03
  4.4060836966596845E+01    1.3765417177932874E-04    4.4060836966596845E+01    6.7703578624761403E-03
  4.4217916599276336E+01    1.3668027838198101E-04    4.4217916599276336E+01    6.7463574116195107E-03
  4.4374996231955826E+01    1.3571667559600145E-04    4.4374996231955826E+01    6.7225263430498398E-03
  4.4532075864635317E+01    1.3476321906559255E-04    4.4532075864635317E+01    6.6988628718063726E-03
  4.4689155497314808E+01    1.3381976695535711E-04    4.4689155497314808E+01    6.6753652378949034E-03
  4.4846235129994298E+01    1.3288617989771765E-04    4.4846235129994298E+01    6.6520317058532214E-03
  4.5003314762673789E+01    1.3196232094161026E-04    4.5003314762673789E+01    6.6288605643255987E-03
  4.5160394395353279E+01    1.3104805550241742E-04    4.5160394395353279E+01    6.6058501256460959E-03
  4.5317474028032763E+01    1.3014325131310579E-04    4.5317474028032763E+01    6.5829987254304723E-03
  4.5474553660712253E+01    1.2924777837653649E-04    4.5474553660712253E+01    6.5603047221764951E-03
  4.5631633293391744E+01    1.2836150891891505E-04    4.5631633293391744E+01    6.5377664968724446E-03
  4.5788712926071234E+01    1.2748431734435097E-04    4.5788712926071234E+01    6.5153824526136168E-03
  4.5945792558750725E+01    1.2661608019049570E-04    4.5945792558750725E+01    6.4931510142266571E-03
  4.6102872191430215E+01    1.2575667608523069E-04    4.6102872191430215E+01    6.4710706279014971E-03
  4.6259951824109706E+01    1.2490598570437720E-04    4.6259951824109706E+01    6.4491397608307582E-03
  4.6417031456789196E+01    1.2406389173040005E-04    4.6417031456789196E+01    6.4273569008564142E-03
  4.6574111089468680E+01    1.2323027881207892E-04    4.6574111089468680E+01    6.4057205561235718E-03
  4.6731190722148170E+01    1.2240503352512128E-04    4.6731190722148170E+01    6.3842292547411673E-03
  4.6888270354827661E+01    1.2158804433369247E-04    4.6888270354827661E+01    6.3628815444494611E-03
  4.7045349987507151E+01    1.2077920155283770E-04    4.7045349987507151E+01    6.3416759922941268E-03
  4.7202429620186642E+01    1.1997839731177314E-04    4.7202429620186642E+01    6.3206111843068262E-03
  4.7359509252866133E+01    1.1918552551802302E-04    4.7359509252866133E+01    6.2996857251920845E-03
  4.7516588885545623E+01    1.1840048182238054E-04    4.7516588885545623E+01    6.2788982380203428E-03
  4.7673668518225114E+01    1.1762316358467079E-04    4.7673668518225114E+01    6.2582473639270463E-03
  4.7830748150904597E+01    1.1685346984029547E-04    4.7830748150904597E+01    6.2377317618176071E-03
  4.7987827783584088E+01    1.1609130126753816E-04    4.7987827783584088E+01    6.2173501080781419E-03
  4.8144907416263578E+01    1.1533656015561144E-04    4.8144907416263578E+01    6.1971010962918330E-03
  4.8301987048943069E+01    1.1458915037342576E-04    4.8301987048943069E+01    6.1769834369607805E-03
  4.8459066681622559E+01    1.1384897733906220E-04    4.8459066681622559E+01    6.1569958572332377E-03
  4.8616146314302050E+01    1.1311594798993085E-04    4.8616146314302050E+01    6.1371371006361105E-03
  4.8773225946981540E+01    1.1238997075359694E-04    4.8773225946981540E+01    6.1174059268125722E-03
  4.8930305579661031E+01    1.1167095551925829E-04    4.8930305579661031E+01    6.0978011112647230E-03
  4.9087385212340514E+01    1.1095881360985725E-04    4.9087385212340514E+01    6.0783214451011532E-03
  4.9244464845020005E+01    1.1025345775481069E-04    4.9244464845020005E+01    6.0589657347893009E-03
  4.9401544477699495E+01    1.0955480206334329E-04    4.9401544477699495E+01    6.0397328019125215E-03
  4.9558624110378986E+01    1.0886276199840817E-04    4.9558624110378986E+01    6.0206214829317366E-03
  4.9715703743058477E+01    1.0817725435118039E-04    4.9715703743058477E+01    6.0016306289515844E-03
  4.9872783375737967E+01    1.0749819721610927E-04    4.9872783375737967E+01    5.9827591054909552E-03
  5.0029863008417458E+01    1.0682550996651488E-04    5.0029863008417458E+01    5.9640057922578267E-03
  5.0186942641096948E+01    1.0615911323071620E-04    5.0186942641096948E+01    5.9453695829283166E-03
  5.0344022273776432E+01    1.0549892886867682E-04    5.0344022273776432E+01    5.9268493849298229E-03
  5.0501101906455922E+01    1.0484487994915582E-04    5.0501101906455922E+01    5.9084441192282094E-03
  5.0658181539135413E+01    1.0419689072735150E-04    5.0658181539135413E+01    5.8901527201189203E-03
  5.0815261171814903E+01    1.0355488662302574E-04    5.0815261171814903E+01    5.8719741350219470E-03
  5.0972340804494394E+01    1.0291879419909693E-04    5.0972340804494394E+01    5.8539073242805679E-03
  5.1129420437173884E+01    1.0228854114069059E-04    5.1129420437173884E+01    5.8359512609637686E-03
  5.1286500069853375E+01    1.0166405623463601E-04    5.1286500069853375E+01    5.8181049306722903E-03
  5.1443579702532865E+01    1.0104526934939873E-04    5.1443579702532865E+01    5.8003673313481909E-03
  5.1600659335212349E+01    1.0043211141543737E-04    5.1600659335212349E+01    5.7827374730878862E-03
  5.1757738967891839E+01    9.9824514405975632E-05    5.1757738967891839E+01    5.7652143779585510E-03
  5.1914818600571330E+01    9.9222411318178634E-05    5.1914818600571330E+01    5.7477970798178735E-03
  5.2071898233250820E+01    9.8625736154724661E-05    5.2071898233250820E+01    5.7304846241370165E-03
  5.2228977865930311E+01    9.8034423905762072E-05    5.2228977865930311E+01    5.7132760678267726E-03
  5.2386057498609802E+01    9.7448410531242660E-05    5.2386057498609802E+01    5.6961704790668422E-03
  5.2543137131289292E+01    9.6867632943622745E-05    5.2543137131289292E+01    5.6791669371381286E-03
  5.2700216763968783E+01    9.6292028990922665E-05    5.2700216763968783E+01    5.6622645322580521E-03
  5.2857296396648266E+01    9.5721537440136625E-05    5.2857296396648266E+01    5.6454623654187503E-03
  5.3014376029327757E+01    9.5156097960984615E-05    5.3014376029327757E+01    5.6287595482281700E-03
  5.3171455662007247E+01    9.4595651109998313E-05    5.3171455662007247E+01    5.6121552027539375E-03
  5.3328535294686738E+01    9.4040138314933076E-05    5.3328535294686738E+01    5.5956484613699942E-03
  5.3485614927366228E+01    9.3489501859498578E-05    5.3485614927366228E+01    5.5792384666059035E-03
  5.3642694560045719E+01    9.2943684868400416E-05    5.3642694560045719E+01    5.5629243709988049E-03
  5.3799774192725209E+01    9.2402631292685865E-05    5.3799774192725209E+01    5.5467053369479416E-03
  5.3956853825404700E+01    9.1866285895386389E-05    5.3956853825404700E+01    5.5305805365717204E-03
  5.4113933458084183E+01    9.1334594237450211E-05    5.4113933458084183E+01    5.5145491515672454E-03
  5.4271013090763674E+01    9.0807502663958024E-05    5.4271013090763674E+01    5.4986103730722772E-03
  5.4428092723443164E+01    9.0284958290616149E-05    5.4428092723443164E+01    5.4827634015295829E-03
  5.4585172356122655E+01    8.9766908990519527E-05    5.4585172356122655E+01    5.4670074465535999E-03
  5.4742251988802145E+01    8.9253303381179534E-05    5.4742251988802145E+01    5.4513417267993969E-03
  5.4899331621481636E+01    8.8744090811809925E-05    5.4899331621481636E+01    5.4357654698338684E-03
  5.5056411254161127E+01    8.8239221350865365E-05    5.5056411254161127E+01    5.4202779120091204E-03
  5.5213490886840617E+01    8.7738645773826658E-05    5.5213490886840617E+01    5.4048782983380211E-03
  5.5370570519520101E+01    8.7242315551227159E-05    5.5370570519520101E+01    5.3895658823718369E-03
  5.5527650152199591E+01    8.6750182836915145E-05    5.5527650152199591E+01    5.3743399260799581E-03
  5.5684729784879082E+01    8.6262200456546458E-05    5.5684729784879082E+01    5.3591996997316357E-03
  5.5841809417558572E+01    8.5778321896302518E-05    5.5841809417558572E+01    5.3441444817797180E-03
  5.5998889050238063E+01    8.5298501291828911E-05    5.5998889050238063E+01    5.3291735587463179E-03
  5.6155968682917553E+01    8.4822693417388906E-05    5.6155968682917553E+01    5.3142862251104039E-03
  5.6313048315597044E+01    8.4350853675228073E-05    5.6313048315597044E+01    5.2994817831972622E-03
  5.6470127948276534E+01    8.3882938085144552E-05    5.6470127948276534E+01    5.2847595430697870E-03
  5.6627207580956018E+01    8.3418903274260991E-05    5.6627207580956018E+01    5.2701188224215847E-03
  5.6784287213635508E+01    8.2958706466993183E-05    5.6784287213635508E+01    5.2555589464718302E-03
  5.6941366846314999E+01    8.2502305475211712E-05    5.6941366846314999E+01    5.2410792478618656E-03
  5.7098446478994489E+01    8.2049658688591843E-05    5.7098446478994489E+01    5.2266790665534985E-03
  5.7255526111673980E+01    8.1600725065147751E-05    5.7255526111673980E+01    5.2123577497289620E-03
  5.7412605744353471E+01    8.1155464121947232E-05    5.7412605744353471E+01    5.1981146516925049E-03
  5.7569685377032961E+01    8.0713835926002664E-05    5.7569685377032961E+01    5.1839491337736018E-03
  5.7726765009712452E+01    8.0275801085334718E-05    5.7726765009712452E+01    5.1698605642317257E-03
  5.7883844642391935E+01    7.9841320740204819E-05    5.7883844642391935E+01    5.1558483181626605E-03
  5.8040924275071426E+01    7.9410356554512912E-05    5.8040924275071426E+01    5.1419117774063388E-03
  5.8198003907750916E+01    7.8982870707356987E-05    5.8198003907750916E+01    5.1280503304561593E-03
  5.8355083540430407E+01    7.8558825884750632E-05    5.8355083540430407E+01    5.1142633723697643E-03
  5.8512163173109897E+01    7.8138185271495685E-05    5.8512163173109897E+01    5.1005503046812495E-03
  5.8669242805789388E+01    7.7720912543206196E-05    5.8669242805789388E+01    5.0869105353147709E-03
  5.8826322438468878E+01    7.7306971858480934E-05    5.8826322438468878E+01    5.0733434784995439E-03
  5.8983402071148369E+01    7.6896327851220947E-05    5.8983402071148369E+01    5.0598485546861829E-03
  5.9140481703827852E+01    7.6488945623089317E-05    5.9140481703827852E+01    5.0464251904643737E-03
  5.9297561336507343E+01    7.6084790736109917E-05    5.9297561336507343E+01    5.0330728184818426E-03
  5.9454640969186833E+01    7.5683829205402598E-05    5.9454640969186833E+01    5.0197908773646181E-03
  5.9611720601866324E+01    7.5286027492051425E-05    5.9611720601866324E+01    5.0065788116385370E-03
  5.9768800234545814E+01    7.4891352496103810E-05    5.9768800234545814E+01    4.9934360716519851E-03
  5.9925879867225305E+01    7.4499771549697117E-05    5.9925879867225305E+01    4.9803621134998505E-03
  6.0082959499904796E+01    7.4111252410310734E-05    6.0082959499904796E+01    4.9673563989486632E-03
  6.0240039132584286E+01    7.3725763254140584E-05    6.0240039132584286E+01    4.9544183953629016E-03
  6.0397118765263770E+01    7.3343272669593670E-05    6.0397118765263770E+01    4.9415475756324481E-03
  6.0554198397943260E+01    7.2963749650900207E-05    6.0554198397943260E+01    4.9287434181011589E-03
  6.0711278030622751E+01    7.2587163591840989E-05    6.0711278030622751E+01    4.9160054064965545E-03
  6.0868357663302241E+01    7.2213484279587292E-05    6.0868357663302241E+01    4.9033330298605786E-03
  6.1025437295981732E+01    7.1842681888651549E-05    6.1025437295981732E+01    4.8907257824814272E-03
  6.1182516928661222E+01    7.1474726974945927E-05    6.1182516928661222E+01    4.8781831638264380E-03
  6.1339596561340713E+01    7.1109590469947147E-05    6.1339596561340713E+01    4.8657046784759787E-03
  6.1496676194020203E+01    7.0747243674965113E-05    6.1496676194020203E+01    4.8532898360583721E-03
  6.1653755826699687E+01    7.0387658255513115E-05    6.1653755826699687E+01    4.8409381511857943E-03
  6.1810835459379177E+01    7.0030806235777825E-05    6.1810835459379177E+01    4.8286491433911548E-03
  6.1967915092058668E+01    6.9676659993187111E-05    6.1967915092058668E+01    4.8164223370659349E-03
  6.2124994724738158E+01    6.9325192253073329E-05    6.2124994724738158E+01    4.8042572613989547E-03
  6.2282074357417649E+01    6.8976376083430469E-05    6.2282074357417649E+01    4.7921534503160747E-03
  6.2439153990097140E+01    6.8630184889763329E-05    6.2439153990097140E+01    4.7801104424208020E-03
  6.2596233622776630E+01    6.8286592410026514E-05    6.2596233622776630E+01    4.7681277809357783E-03
  6.2753313255456121E+01    6.7945572709652002E-05    6.2753313255456121E+01    4.7562050136451574E-03
  6.2910392888135604E+01    6.7607100176663058E-05    6.2910392888135604E+01    4.7443416928378323E-03
  6.3067472520815095E+01    6.7271149516872895E-05    6.3067472520815095E+01    4.7325373752515098E-03
  6.3224552153494585E+01    6.6937695749166694E-05    6.3224552153494585E+01    4.7207916220176217E-03
  6.3381631786174076E+01    6.6606714200864877E-05    6.3381631786174076E+01    4.7091039986070444E-03
  6.3538711418853566E+01    6.6278180503166387E-05    6.3538711418853566E+01    4.6974740747766242E-03
  6.3695791051533057E+01    6.5952070586670306E-05    6.3695791051533057E+01    4.6859014245164915E-03
  6.3852870684212547E+01    6.5628360676974116E-05    6.3852870684212547E+01    4.6743856259981488E-03
  6.4009950316892031E+01    6.5307027290347435E-05    6.4009950316892031E+01    4.6629262615233199E-03
  6.4167029949571528E+01    6.4988047229479356E-05    6.4167029949571528E+01    4.6515229174735511E-03
  6.4324109582251012E+01    6.4671397579298495E-05    6.4324109582251012E+01    4.6401751842605433E-03
  6.4481189214930509E+01    6.4357055702863458E-05    6.4481189214930509E+01    4.6288826562772105E-03
  6.4638268847609993E+01    6.4044999237323593E-05    6.4638268847609993E+01    4.6176449318494506E-03
  6.4795348480289476E+01    6.3735206089947420E-05    6.4795348480289476E+01    4.6064616131886102E-03
  6.4952428112968974E+01    6.3427654434218339E-05    6.4952428112968974E+01    4.5953323063446421E-03
  6.5109507745648457E+01    6.3122322705995941E-05    6.5109507745648457E+01    4.5842566211599404E-03
  6.5266587378327955E+01    6.2819189599741543E-05    6.5266587378327955E+01    4.5732341712238283E-03
  6.5423667011007439E+01    6.2518234064807236E-05    6.5423667011007439E+01    4.5622645738277127E-03
  6.5580746643686936E+01    6.2219435301786447E-05    6.5580746643686936E+01    4.5513474499208756E-03
  6.5737826276366420E+01    6.1922772758925677E-05    6.5737826276366420E+01    4.5404824240668964E-03
  6.5894905909045917E+01    6.1628226128595653E-05    6.5894905909045917E+01    4.5296691244006921E-03
  6.6051985541725401E+01    6.1335775343821178E-05    6.6051985541725401E+01    4.5189071825861814E-03
  6.6209065174404884E+01    6.1045400574867990E-05    6.6209065174404884E+01    4.5081962337745318E-03
  6.6366144807084382E+01    6.0757082225886420E-05    6.6366144807084382E+01    4.4975359165630099E-03
  6.6523224439763865E+01    6.0470800931610011E-05    6.6523224439763865E+01    4.4869258729544155E-03
  6.6680304072443363E+01    6.0186537554108325E-05    6.6680304072443363E+01    4.4763657483170675E-03
  6.6837383705122846E+01    5.9904273179593232E-05    6.6837383705122846E+01    4.4658551913453800E-03
  6.6994463337802344E+01    5.9623989115276963E-05    6.6994463337802344E+01    4.4553938540209679E-03
  6.7151542970481827E+01    5.9345666886281937E-05    6.7151542970481827E+01    4.4449813915743083E-03
  6.7308622603161311E+01    5.9069288232600364E-05    6.7308622603161311E+01    4.4346174624469385E-03
  6.7465702235840808E+01    5.8794835106103593E-05    6.7465702235840808E+01    4.4243017282541656E-03
  6.7622781868520292E+01    5.8522289667599660E-05    6.7622781868520292E+01    4.4140338537483215E-03
  6.7779861501199790E+01    5.8251634283938417E-05    6.7779861501199790E+01    4.4038135067824931E-03
  6.7936941133879273E+01    5.7982851525163520E-05    6.7936941133879273E+01    4.3936403582747856E-03
  6.8094020766558771E+01    5.7715924161709858E-05    6.8094020766558771E+01    4.3835140821730555E-03
  6.8251100399238254E+01    5.7450835161646404E-05    6.8251100399238254E+01    4.3734343554201471E-03
  6.8408180031917752E+01    5.7187567687962786E-05    6.8408180031917752E+01    4.3634008579195869E-03
  6.8565259664597235E+01    5.6926105095899543E-05    6.8565259664597235E+01    4.3534132725017716E-03
  6.8722339297276719E+01    5.6666430930320713E-05    6.8722339297276719E+01    4.3434712848905970E-03
  6.8879418929956216E+01    5.6408528923128256E-05    6.8879418929956216E+01    4.3335745836705526E-03
  6.9036498562635700E+01    5.6152382990717618E-05    6.9036498562635700E+01    4.3237228602542675E-03
  6.9193578195315197E+01    5.5897977231473386E-05    6.9193578195315197E+01    4.3139158088504855E-03
  6.9350657827994681E+01    5.5645295923304680E-05    6.9350657827994681E+01    4.3041531264324832E-03
  6.9507737460674178E+01    5.5394323521219205E-05    6.9507737460674178E+01    4.2944345127069149E-03
  6.9664817093353662E+01    5.5145044654935614E-05    6.9664817093353662E+01    4.2847596700830715E-03
  6.9821896726033145E+01    5.4897444126533259E-05    6.9821896726033145E+01    4.2751283036425594E-03
  6.9978976358712643E+01    5.4651506908138643E-05    6.9978976358712643E+01    4.2655401211093812E-03
  7.0136055991392126E+01    5.4407218139648261E-05    7.0136055991392126E+01    4.2559948328204263E-03
  7.0293135624071624E+01    5.4164563126486568E-05    7.0293135624071624E+01    4.2464921516963423E-03
  7.0450215256751108E+01    5.3923527337399217E-05    7.0450215256751108E+01    4.2370317932128058E-03
  7.0607294889430605E+01    5.3684096402280157E-05    7.0607294889430605E+01    4.2276134753721738E-03
  7.0764374522110089E+01    5.3446256110032646E-05    7.0764374522110089E+01    4.2182369186755100E-03
  7.0921454154789586E+01    5.3209992406463138E-05    7.0921454154789586E+01    4.2089018460949781E-03
  7.1078533787469070E+01    5.2975291392207774E-05    7.1078533787469070E+01    4.1996079830466061E-03
  7.1235613420148553E+01    5.2742139320690575E-05    7.1235613420148553E+01    4.1903550573634089E-03
  7.1392693052828051E+01    5.2510522596113157E-05    7.1392693052828051E+01    4.1811427992688617E-03
  7.1549772685507534E+01    5.2280427771475198E-05    7.1549772685507534E+01    4.1719709413507245E-03
  7.1706852318187032E+01    5.2051841546624921E-05    7.1706852318187032E+01    4.1628392185352053E-03
  7.1863931950866515E+01    5.1824750766339692E-05    7.1863931950866515E+01    4.1537473680614756E-03
  7.2021011583546013E+01    5.1599142418435469E-05    7.2021011583546013E+01    4.1446951294564901E-03
  7.2178091216225496E+01    5.1375003631905149E-05    7.2178091216225496E+01    4.1356822445101672E-03
  7.2335170848904980E+01    5.1152321675085000E-05    7.2335170848904980E+01    4.1267084572508671E-03
  7.2492250481584477E+01    5.0931083953848882E-05    7.2492250481584477E+01    4.1177735139212015E-03
  7.2649330114263961E+01    5.0711278009829766E-05    7.2649330114263961E+01    4.1088771629541531E-03
  7.2806409746943459E+01    5.0492891518667724E-05    7.2806409746943459E+01    4.1000191549494958E-03
  7.2963489379622942E+01    5.0275912288284713E-05    7.2963489379622942E+01    4.0911992426505344E-03
  7.3120569012302440E+01    5.0060328257184637E-05    7.3120569012302440E+01    4.0824171809211232E-03
  7.3277648644981923E+01    4.9846127492779426E-05    7.3277648644981923E+01    4.0736727267230008E-03
  7.3434728277661421E+01    4.9633298189739547E-05    7.3434728277661421E+01    4.0649656390933974E-03
  7.3591807910340904E+01    4.9421828668369492E-05    7.3591807910340904E+01    4.0562956791229364E-03
  7.3748887543020388E+01    4.9211707373007148E-05    7.3748887543020388E+01    4.0476626099338209E-03
  7.3905967175699885E+01    4.9002922870446996E-05    7.3905967175699885E+01    4.0390661966582817E-03
  7.4063046808379369E+01    4.8795463848386719E-05    7.4063046808379369E+01    4.0305062064173282E-03
  7.4220126441058866E+01    4.8589319113896520E-05    7.4220126441058866E+01    4.0219824082997303E-03
  7.4377206073738350E+01    4.8384477591911273E-05    7.4377206073738350E+01    4.0134945733413026E-03
  7.4534285706417847E+01    4.8180928323744566E-05    7.4534285706417847E+01    4.0050424745044239E-03
  7.4691365339097331E+01    4.7978660465624825E-05    7.4691365339097331E+01    3.9966258866578272E-03
  7.4848444971776814E+01    4.7777663287252603E-05    7.4848444971776814E+01    3.9882445865566402E-03
  7.5005524604456312E+01    4.7577926170379134E-05    7.5005524604456312E+01    3.9798983528226729E-03
  7.5162604237135795E+01    4.7379438607405598E-05    7.5162604237135795E+01    3.9715869659249616E-03
  7.5319683869815293E+01    4.7182190200002602E-05    7.5319683869815293E+01    3.9633102081605403E-03
  7.5476763502494777E+01    4.6986170657749976E-05    7.5476763502494777E+01    3.9550678636354683E-03
  7.5633843135174274E+01    4.6791369796795981E-05    7.5633843135174274E+01    3.9468597182460820E-03
  7.5790922767853758E+01    4.6597777538536196E-05    7.5790922767853758E+01    3.9386855596604785E-03
  7.5948002400533255E+01    4.6405383908311175E-05    7.5948002400533255E+01    3.9305451773002419E-03
  7.6105082033212739E+01    4.6214179034123208E-05    7.6105082033212739E+01    3.9224383623223790E-03
  7.6262161665892222E+01    4.6024153145371105E-05    7.6262161665892222E+01    3.9143649076014888E-03
  7.6419241298571720E+01    4.5835296571603522E-05    7.6419241298571720E+01    3.9063246077121437E-03
  7.6576320931251203E+01    4.5647599741289920E-05    7.6576320931251203E+01    3.8983172589114930E-03
  7.6733400563930701E+01    4.5461053180609029E-05    7.6733400563930701E+01    3.8903426591220779E-03
  7.6890480196610184E+01    4.5275647512254802E-05    7.6890480196610184E+01    3.8824006079148567E-03
  7.7047559829289682E+01    4.5091373454259114E-05    7.7047559829289682E+01    3.8744909064924327E-03
  7.7204639461969165E+01    4.4908221818831367E-05    7.7204639461969165E+01    3.8666133576724933E-03
  7.7361719094648649E+01    4.4726183511214408E-05    7.7361719094648649E+01    3.8587677658714447E-03
  7.7518798727328146E+01    4.4545249528556646E-05    7.7518798727328146E+01    3.8509539370882515E-03
  7.7675878360007630E+01    4.4365410958800227E-05    7.7675878360007630E+01    3.8431716788884631E-03
  7.7832957992687128E+01    4.4186658979584557E-05    7.7832957992687128E+01    3.8354208003884421E-03
  7.7990037625366611E+01    4.4008984857165665E-05    7.7990037625366611E+01    3.8277011122397763E-03
  7.8147117258046109E+01    4.3832379945350243E-05    7.8147117258046109E+01    3.8200124266138799E-03
  7.8304196890725592E+01    4.3656835684445069E-05    7.8304196890725592E+01    3.8123545571867837E-03
  7.8461276523405090E+01    4.3482343600220706E-05    7.8461276523405090E+01    3.8047273191241008E-03
  7.8618356156084573E+01    4.3308895302890011E-05    7.8618356156084573E+01    3.7971305290661773E-03
  7.8775435788764057E+01    4.3136482486100520E-05    7.8775435788764057E+01    3.7895640051134171E-03
  7.8932515421443554E+01    4.2965096925941075E-05    7.8932515421443554E+01    3.7820275668117836E-03
  7.9089595054123038E+01    4.2794730479962181E-05    7.9089595054123038E+01    3.7745210351384745E-03
  7.9246674686802535E+01    4.2625375086209731E-05    7.9246674686802535E+01    3.7670442324877623E-03
  7.9403754319482019E+01    4.2457022762272349E-05    7.9403754319482019E+01    3.7595969826570083E-03
  7.9560833952161516E+01    4.2289665604341582E-05    7.9560833952161516E+01    3.7521791108328338E-03
  7.9717913584841000E+01    4.2123295786285327E-05    7.9717913584841000E+01    3.7447904435774677E-03
  7.9874993217520483E+01    4.1957905558733602E-05    7.9874993217520483E+01    3.7374308088152378E-03
  8.0032072850199981E+01    4.1793487248177167E-05    8.0032072850199981E+01    3.7301000358192357E-03
  8.0189152482879464E+01    4.1630033256078344E-05    8.0189152482879464E+01    3.7227979551981301E-03
  8.0346232115558962E+01    4.1467536057993873E-05    8.0346232115558962E+01    3.7155243988831353E-03
  8.0503311748238445E+01    4.1305988202709920E-05    8.0503311748238445E+01    3.7082792001151364E-03
  8.0660391380917943E+01    4.1145382311388595E-05    8.0660391380917943E+01    3.7010621934319542E-03
  8.0817471013597427E+01    4.0985711076726351E-05    8.0817471013597427E+01    3.6938732146557761E-03
  8.0974550646276924E+01    4.0826967262123402E-05    8.0974550646276924E+01    3.6867121008807091E-03
  8.1131630278956408E+01    4.0669143700864772E-05    8.1131630278956408E+01    3.6795786904605023E-03
  8.1288709911635891E+01    4.0512233295312059E-05    8.1288709911635891E+01    3.6724728229963937E-03
  8.1445789544315389E+01    4.0356229016106214E-05    8.1445789544315389E+01    3.6653943393250977E-03
  8.1602869176994872E+01    4.0201123901381109E-05    8.1602869176994872E+01    3.6583430815069476E-03
  8.1759948809674370E+01    4.0046911055987470E-05    8.1759948809674370E+01    3.6513188928141544E-03
  8.1917028442353853E+01    3.9893583650727363E-05    8.1917028442353853E+01    3.6443216177192124E-03
  8.2074108075033351E+01    3.9741134921598780E-05    8.2074108075033351E+01    3.6373511018834327E-03
  8.2231187707712834E+01    3.9589558169050439E-05    8.2231187707712834E+01    3.6304071921456132E-03
  8.2388267340392318E+01    3.9438846757246315E-05    8.2388267340392318E+01    3.6234897365108286E-03
  8.2545346973071815E+01    3.9288994113340082E-05    8.2545346973071815E+01    3.6165985841393579E-03
  8.2702426605751299E+01    3.9139993726759211E-05    8.2702426605751299E+01    3.6097335853357343E-03
  8.2859506238430797E+01    3.8991839148498335E-05    8.2859506238430797E+01    3.6028945915379134E-03
  8.3016585871110280E+01    3.8844523990422161E-05    8.3016585871110280E+01    3.5960814553065764E-03
  8.3173665503789778E+01    3.8698041924577465E-05    8.3173665503789778E+01    3.5892940303145424E-03
  8.3330745136469261E+01    3.8552386682514194E-05    8.3330745136469261E+01    3.5825321713363082E-03
  8.3487824769148759E+01    3.8407552054615380E-05    8.3487824769148759E+01    3.5757957342376977E-03
  8.3644904401828242E+01    3.8263531889435995E-05    8.3644904401828242E+01    3.5690845759656416E-03
  8.3801984034507726E+01    3.8120320093050306E-05    8.3801984034507726E+01    3.5623985545380544E-03
  8.3959063667187223E+01    3.7977910628407870E-05    8.3959063667187223E+01    3.5557375290338382E-03
  8.4116143299866707E+01    3.7836297514697877E-05    8.4116143299866707E+01    3.5491013595829925E-03
  8.4273222932546204E+01    3.7695474826721687E-05    8.4273222932546204E+01    3.5424899073568349E-03
  8.4430302565225688E+01    3.7555436694273721E-05    8.4430302565225688E+01    3.5359030345583327E-03
  8.4587382197905185E+01    3.7416177301530115E-05    8.4587382197905185E+01    3.5293406044125380E-03
  8.4744461830584669E+01    3.7277690886445556E-05    8.4744461830584669E+01    3.5228024811571343E-03
  8.4901541463264152E+01    3.7139971740157604E-05    8.4901541463264152E+01    3.5162885300330836E-03
  8.5058621095943650E+01    3.7003014206399022E-05    8.5058621095943650E+01    3.5097986172753773E-03
  8.5215700728623133E+01    3.6866812680917430E-05    8.5215700728623133E+01    3.5033326101038937E-03
  8.5372780361302631E+01    3.6731361610902495E-05    8.5372780361302631E+01    3.4968903767143488E-03
  8.5529859993982114E+01    3.6596655494420489E-05    8.5529859993982114E+01    3.4904717862693545E-03
  8.5686939626661612E+01    3.6462688879855982E-05    8.5686939626661612E+01    3.4840767088895664E-03
  8.5844019259341096E+01    3.6329456365360863E-05    8.5844019259341096E+01    3.4777050156449395E-03
  8.6001098892020593E+01    3.6196952598310160E-05    8.6001098892020593E+01    3.4713565785460644E-03
  8.6158178524700077E+01    3.6065172274764964E-05    8.6158178524700077E+01    3.4650312705356186E-03
  8.6315258157379560E+01    3.5934110138942032E-05    8.6315258157379560E+01    3.4587289654798886E-03
  8.6472337790059058E+01    3.5803760982690249E-05    8.6472337790059058E+01    3.4524495381604015E-03
  8.6629417422738541E+01    3.5674119644973668E-05    8.6629417422738541E+01    3.4461928642656389E-03
  8.6786497055418039E+01    3.5545181011360983E-05    8.6786497055418039E+01    3.4399588203828406E-03
  8.6943576688097522E+01    3.5416940013521647E-05    8.6943576688097522E+01    3.4337472839899054E-03
  8.7100656320777020E+01    3.5289391628728132E-05    8.7100656320777020E+01    3.4275581334473650E-03
  8.7257735953456503E+01    3.5162530879364604E-05    8.7257735953456503E+01    3.4213912479904578E-03
  8.7414815586135987E+01    3.5036352832441630E-05    8.7414815586135987E+01    3.4152465077212811E-03
  8.7571895218815484E+01    3.4910852599117029E-05    8.7571895218815484E+01    3.4091237936010278E-03
  8.7728974851494968E+01    3.4786025334222759E-05    8.7728974851494968E+01    3.4030229874423118E-03
  8.7886054484174466E+01    3.4661866235797602E-05    8.7886054484174466E+01    3.3969439719015648E-03
  8.8043134116853949E+01    3.4538370544625779E-05    8.8043134116853949E+01    3.3908866304715292E-03
  8.8200213749533447E+01    3.4415533543781159E-05    8.8200213749533447E+01    3.3848508474738142E-03
  8.8357293382212930E+01    3.4293350558177327E-05    8.8357293382212930E+01    3.3788365080515484E-03
  8.8514373014892428E+01    3.4171816954123025E-05    8.8514373014892428E+01    3.3728434981620927E-03
  8.8671452647571911E+01    3.4050928138883235E-05    8.8671452647571911E+01    3.3668717045698491E-03
  8.8828532280251395E+01    3.3930679560245622E-05    8.8828532280251395E+01    3.3609210148391280E-03
  8.8985611912930892E+01    3.3811066706092268E-05    8.8985611912930892E+01    3.3549913173271050E-03
  8.9142691545610376E+01    3.3692085103976867E-05    8.9142691545610376E+01    3.3490825011768437E-03
  8.9299771178289873E+01    3.3573730320706802E-05    8.9299771178289873E+01    3.3431944563103938E-03
  8.9456850810969357E+01    3.3455997961930715E-05    8.9456850810969357E+01    3.3373270734219657E-03
  8.9613930443648854E+01    3.3338883671730758E-05    8.9613930443648854E+01    3.3314802439711679E-03
  8.9771010076328338E+01    3.3222383132220172E-05    8.9771010076328338E+01    3.3256538601763282E-03
  8.9928089709007821E+01    3.3106492063145443E-05    8.9928089709007821E+01    3.3198478150078710E-03
  9.0085169341687319E+01    3.2991206221493586E-05    9.0085169341687319E+01    3.3140620021817734E-03
  9.0242248974366802E+01    3.2876521401104043E-05    9.0242248974366802E+01    3.3082963161530860E-03
  9.0399328607046300E+01    3.2762433432285298E-05    9.0399328607046300E+01    3.3025506521095218E-03
  9.0556408239725783E+01    3.2648938181436235E-05    9.0556408239725783E+01    3.2968249059651105E-03
  9.0713487872405281E+01    3.2536031550671887E-05    9.0713487872405281E+01    3.2911189743539187E-03
  9.0870567505084765E+01    3.2423709477453997E-05    9.0870567505084765E+01    3.2854327546238404E-03
  9.1027647137764262E+01    3.2311967934225680E-05    9.1027647137764262E+01    3.2797661448304392E-03
  9.1184726770443746E+01    3.2200802928050772E-05    9.1184726770443746E+01    3.2741190437308712E-03
  9.1341806403123229E+01    3.2090210500257314E-05    9.1341806403123229E+01    3.2684913507778557E-03
  9.1498886035802727E+01    3.1980186726085463E-05    9.1498886035802727E+01    3.2628829661137120E-03
  9.1655965668482210E+01    3.1870727714339504E-05    9.1655965668482210E+01    3.2572937905644664E-03
  9.1813045301161708E+01    3.1761829607044042E-05    9.1813045301161708E+01    3.2517237256340023E-03
  9.1970124933841191E+01    3.1653488579104369E-05    9.1970124933841191E+01    3.2461726734982913E-03
  9.2127204566520689E+01    3.1545700837970730E-05    9.2127204566520689E+01    3.2406405369996586E-03
  9.2284284199200172E+01    3.1438462623306782E-05    9.2284284199200172E+01    3.2351272196411342E-03
  9.2441363831879656E+01    3.1331770206661736E-05    9.2441363831879656E+01    3.2296326255808359E-03
  9.2598443464559153E+01    3.1225619891146647E-05    9.2598443464559153E+01    3.2241566596264270E-03
  9.2755523097238637E+01    3.1120008011114335E-05    9.2755523097238637E+01    3.2186992272296247E-03
  9.2912602729918135E+01    3.1014930931843174E-05    9.2912602729918135E+01    3.2132602344807602E-03
  9.3069682362597618E+01    3.0910385049224581E-05    9.3069682362597618E+01    3.2078395881033998E-03
  9.3226761995277116E+01    3.0806366789454206E-05    9.3226761995277116E+01    3.2024371954490162E-03
  9.3383841627956599E+01    3.0702872608726716E-05    9.3383841627956599E+01    3.1970529644917180E-03
  9.3540921260636097E+01    3.0599898992934189E-05    9.3540921260636097E+01    3.1916868038230246E-03
  9.3698000893315580E+01    3.0497442457368029E-05    9.3698000893315580E+01    3.1863386226467024E-03
  9.3855080525995064E+01    3.0395499546424357E-05    9.3855080525995064E+01    3.1810083307736471E-03
  9.4012160158674561E+01    3.0294066833312842E-05    9.4012160158674561E+01    3.1756958386168163E-03
  9.4169239791354045E+01    3.0193140919768957E-05    9.4169239791354045E+01    3.1704010571862208E-03
  9.4326319424033542E+01    3.0092718435769496E-05    9.4326319424033542E+01    3.1651238980839541E-03
  9.4483399056713026E+01    2.9992796039251528E-05    9.4483399056713026E+01    3.1598642734992815E-03
  9.4640478689392523E+01    2.9893370415834459E-05    9.4640478689392523E+01    3.1546220962037734E-03
  9.4797558322072007E+01    2.9794438278545448E-05    9.4797558322072007E+01    3.1493972795464853E-03
  9.4954637954751490E+01    2.9695996367547858E-05    9.4954637954751490E+01    3.1441897374491910E-03
  9.5111717587430988E+01    2.9598041449872973E-05    9.5111717587430988E+01    3.1389993844016563E-03
  9.5268797220110471E+01    2.9500570319154755E-05    9.5268797220110471E+01    3.1338261354569674E-03
  9.5425876852789969E+01    2.9403579795367553E-05    9.5425876852789969E+01    3.1286699062268966E-03
  9.5582956485469452E+01    2.9307066724567019E-05    9.5582956485469452E+01    3.1235306128773194E-03
  9.5740036118148950E+01    2.9211027978633792E-05    9.5740036118148950E+01    3.1184081721236760E-03
  9.5897115750828434E+01    2.9115460455020278E-05    9.5897115750828434E+01    3.1133025012264745E-03
  9.6054195383507931E+01    2.9020361076500178E-05    9.6054195383507931E+01    3.1082135179868421E-03
  9.6211275016187415E+01    2.8925726790921000E-05    9.6211275016187415E+01    3.1031411407421170E-03
  9.6368354648866898E+01    2.8831554570959334E-05    9.6368354648866898E+01    3.0980852883614818E-03
  9.6525434281546396E+01    2.8737841413878841E-05    9.6525434281546396E+01    3.0930458802416474E-03
  9.6682513914225879E+01    2.8644584341291153E-05    9.6682513914225879E+01    3.0880228363025669E-03
  9.6839593546905377E+01    2.8551780398919293E-05    9.6839593546905377E+01    3.0830160769832016E-03
  9.6996673179584860E+01    2.8459426656363932E-05    9.6996673179584860E+01    3.0780255232373240E-03
  9.7153752812264358E+01    2.8367520206872158E-05    9.7153752812264358E+01    3.0730510965293585E-03
  9.7310832444943841E+01    2.8276058167108959E-05    9.7310832444943841E+01    3.0680927188302693E-03
  9.7467912077623325E+01    2.8185037676931198E-05    9.7467912077623325E+01    3.0631503126134800E-03
  9.7624991710302822E+01    2.8094455899164146E-05    9.7624991710302822E+01    3.0582238008508402E-03
  9.7782071342982306E+01    2.8004310019380611E-05    9.7782071342982306E+01    3.0533131070086244E-03
  9.7939150975661803E+01    2.7914597245682361E-05    9.7939150975661803E+01    3.0484181550435733E-03
  9.8096230608341287E+01    2.7825314808484184E-05    9.8096230608341287E+01    3.0435388693989740E-03
  9.8253310241020785E+01    2.7736459960300204E-05    9.8253310241020785E+01    3.0386751750007710E-03
  9.8410389873700268E+01    2.7648029975532731E-05    9.8410389873700268E+01    3.0338269972537248E-03
  9.8567469506379766E+01    2.7560022150263276E-05    9.8567469506379766E+01    3.0289942620375949E-03
  9.8724549139059249E+01    2.7472433802046094E-05    9.8724549139059249E+01    3.0241768957033747E-03
  9.8881628771738733E+01    2.7385262269703828E-05    9.8881628771738733E+01    3.0193748250695435E-03
  9.9038708404418230E+01    2.7298504913125563E-05    9.9038708404418230E+01    3.0145879774183693E-03
  9.9195788037097714E+01    2.7212159113067028E-05    9.9195788037097714E+01    3.0098162804922425E-03
  9.9352867669777211E+01    2.7126222270953034E-05    9.9352867669777211E+01    3.0050596624900403E-03
  9.9509947302456695E+01    2.7040691808682120E-05    9.9509947302456695E+01    3.0003180520635276E-03
  9.9667026935136192E+01    2.6955565168433241E-05    9.9667026935136192E+01    2.9955913783137975E-03
  9.9824106567815676E+01    2.6870839812474755E-05    9.9824106567815676E+01    2.9908795707877332E-03
  9.9981186200495159E+01    2.6786513222975346E-05    9.9981186200495159E+01    2.9861825594745175E-03
